=============Heuristic=====================
==============scale, d, ccr==================
==================LHH========================
[1, 8] 100 [17, 27]
current time = 1
residual life    =  [6, 3, 2, 2, 1, 1, 5, 1, 1, 0]
converge at iter_ = 8
x                =  [1.0, 1.0, 1.0, 1.0, 1.0, 1.0, 1.0, 1.0, 1.0, 1.0]
current time = 2
residual life    =  [7, 4, 3, 3, 1, 5, 6, 2, 2, 1]
converge at iter_ = 9
x                =  [0.034, 0.55, 0.63, 0.648, 0.707, 0.41000000000000003, 0.065, 0.729, 0.712, 0.88]
current time = 3
residual life    =  [6, 4, 4, 2, 2, 3, 6, 2, 1, 1]
converge at iter_ = 9
x                =  [0.523, 0.605, 0.64, 0.653, 0.704, 0.622, 0.531, 0.708, 0.711, 0.885]
current time = 4
residual life    =  [8, 5, 2, 3, 2, 5, 6, 1, 2, 1]
converge at iter_ = 9
x                =  [0.054, 0.468, 0.601, 0.623, 0.685, 0.41600000000000004, 0.105, 0.716, 0.71, 0.859]
current time = 5
residual life    =  [7, 2, 3, 3, 2, 3, 4, 2, 1, 1]
converge at iter_ = 9
x                =  [0.549, 0.6920000000000001, 0.6900000000000001, 0.7030000000000001, 0.753, 0.674, 0.555, 0.755, 0.752, 0.878]
current time = 6
residual life    =  [4, 4, 3, 3, 2, 3, 7, 1, 1, 1]
converge at iter_ = 9
x                =  [0.064, 0.47300000000000003, 0.588, 0.606, 0.654, 0.492, 0.10400000000000001, 0.67, 0.6930000000000001, 0.8280000000000001]
current time = 7
residual life    =  [6, 3, 4, 2, 1, 4, 3, 1, 2, 1]
converge at iter_ = 9
x                =  [0.26, 0.608, 0.613, 0.614, 0.664, 0.578, 0.451, 0.6930000000000001, 0.686, 0.799]
current time = 8
residual life    =  [5, 5, 3, 2, 2, 2, 2, 2, 2, 1]
converge at iter_ = 9
x                =  [0.427, 0.448, 0.455, 0.459, 0.501, 0.43, 0.428, 0.525, 0.505, 0.687]
current time = 9
residual life    =  [5, 3, 1, 2, 1, 2, 2, 2, 2, 1]
converge at iter_ = 9
x                =  [0.961, 0.961, 0.962, 0.962, 0.962, 0.961, 0.962, 0.962, 0.962, 0.962]
current time = 10
residual life    =  [6, 3, 4, 2, 1, 4, 6, 1, 2, 2]
converge at iter_ = 9
x                =  [0.034, 0.27, 0.362, 0.376, 0.41100000000000003, 0.28200000000000003, 0.066, 0.41500000000000004, 0.41600000000000004, 0.533]
current time = 11
residual life    =  [4, 4, 1, 1, 1, 4, 4, 1, 1, 1]
converge at iter_ = 8
x                =  [1.0, 1.0, 1.0, 1.0, 1.0, 1.0, 1.0, 1.0, 1.0, 1.0]
current time = 12
residual life    =  [8, 3, 2, 2, 2, 4, 6, 2, 2, 1]
converge at iter_ = 9
x                =  [0.003, 0.098, 0.211, 0.228, 0.338, 0.082, 0.014, 0.34900000000000003, 0.34, 0.396]
current time = 13
residual life    =  [3, 2, 2, 2, 1, 3, 6, 1, 1, 1]
converge at iter_ = 8
x                =  [1.0, 1.0, 1.0, 1.0, 1.0, 1.0, 1.0, 1.0, 1.0, 1.0]
current time = 14
residual life    =  [5, 4, 3, 2, 2, 5, 6, 2, 3, 2]
converge at iter_ = 9
x                =  [0.0, 0.0, 0.0, 0.0, 0.0, 0.0, 0.0, 0.002, 0.002, 0.017]
current time = 15
residual life    =  [5, 3, 2, 1, 1, 3, 5, 2, 1, 0]
converge at iter_ = 8
x                =  [1.0, 1.0, 1.0, 1.0, 1.0, 1.0, 1.0, 1.0, 1.0, 1.0]
current time = 16
residual life    =  [7, 3, 3, 3, 2, 4, 8, 2, 2, 1]
converge at iter_ = 9
x                =  [0.0, 0.0, 0.0, 0.0, 0.0, 0.0, 0.0, 0.002, 0.002, 0.017]
current time = 17
residual life    =  [5, 3, 3, 2, 1, 5, 6, 1, 1, 0]
converge at iter_ = 8
x                =  [1.0, 1.0, 1.0, 1.0, 1.0, 1.0, 1.0, 1.0, 1.0, 1.0]
current time = 18
residual life    =  [6, 5, 3, 3, 3, 6, 6, 2, 2, 1]
converge at iter_ = 9
x                =  [0.0, 0.0, 0.0, 0.0, 0.0, 0.0, 0.0, 0.002, 0.002, 0.017]
current time = 19
residual life    =  [7, 3, 2, 3, 1, 3, 5, 1, 1, 0]
converge at iter_ = 9
x                =  [1.0, 1.0, 1.0, 1.0, 1.0, 1.0, 1.0, 1.0, 1.0, 1.0]
current time = 20
residual life    =  [7, 4, 4, 3, 2, 4, 6, 2, 2, 1]
converge at iter_ = 9
x                =  [0.0, 0.0, 0.0, 0.0, 0.0, 0.0, 0.0, 0.002, 0.002, 0.017]
groupResult = 
[0, 1, 0, 1, 0, 1, 0, 0, 0, 1, 0, 1, 0, 1, 0, 1, 0, 1, 0, 1, 0]
[0, 1, 1, 1, 0, 1, 0, 1, 0, 1, 0, 1, 0, 1, 0, 1, 0, 1, 0, 1, 0]
[0, 1, 1, 1, 1, 1, 1, 1, 0, 1, 0, 1, 0, 1, 0, 1, 0, 1, 0, 1, 0]
[0, 1, 1, 1, 1, 1, 1, 1, 0, 1, 0, 1, 0, 1, 0, 1, 0, 1, 0, 1, 0]
[0, 1, 1, 1, 1, 1, 1, 1, 1, 1, 0, 1, 0, 1, 0, 1, 0, 1, 0, 1, 0]
[0, 1, 0, 1, 0, 1, 0, 1, 0, 1, 0, 1, 0, 1, 0, 1, 0, 1, 0, 1, 0]
[0, 1, 0, 1, 0, 1, 0, 0, 0, 1, 0, 1, 0, 1, 0, 1, 0, 1, 0, 1, 0]
[0, 1, 1, 1, 1, 1, 1, 1, 1, 1, 0, 1, 0, 1, 0, 1, 0, 1, 0, 1, 0]
[0, 1, 1, 1, 1, 1, 1, 1, 1, 1, 0, 1, 0, 1, 0, 1, 0, 1, 0, 1, 0]
[0, 2, 1, 1, 1, 1, 1, 1, 1, 1, 1, 1, 0, 1, 0, 2, 0, 2, 0, 2, 0]
cost             = 1710
cost[1] = 1710
time             = 455634
cost
[1710.0]
average cost
1710.0
=============================================
