=============Heuristic=====================
==============scale, d, ccr==================
==================LLH========================
[9, 20] 5 [17, 27]
current time = 1
residual life    =  [16, 10, 12, 12, 9, 12, 16, 9, 10, 10]
converge at iter_ = 7
x                =  [0.0, 0.0, 0.0, 0.0, 0.0, 0.0, 0.0, 0.0, 0.0, 0.0]
current time = 2
residual life    =  [13, 12, 11, 9, 8, 12, 15, 9, 11, 2]
converge at iter_ = 9
x                =  [0.0, 0.0, 0.0, 0.0, 0.0, 0.0, 0.0, 0.0, 0.0, 0.002]
current time = 3
residual life    =  [16, 12, 9, 8, 7, 11, 15, 9, 2, 7]
converge at iter_ = 9
x                =  [0.0, 0.0, 0.0, 0.0, 0.0, 0.0, 0.0, 0.006, 0.007, 0.012]
current time = 4
residual life    =  [16, 9, 7, 8, 6, 12, 16, 1, 7, 5]
converge at iter_ = 9
x                =  [0.0, 0.0, 0.002, 0.005, 0.008, 0.0, 0.0, 0.013000000000000001, 0.014, 0.018000000000000002]
current time = 5
residual life    =  [13, 8, 7, 6, 6, 12, 6, 5, 5, 6]
converge at iter_ = 9
x                =  [0.0, 0.0, 0.009000000000000001, 0.011, 0.015, 0.008, 0.0, 0.024, 0.022, 0.045]
current time = 6
residual life    =  [11, 8, 6, 7, 6, 2, 12, 4, 6, 2]
converge at iter_ = 9
x                =  [0.0, 0.005, 0.013000000000000001, 0.015, 0.031, 0.01, 0.0, 0.037, 0.033, 0.054]
current time = 7
residual life    =  [11, 6, 6, 7, 0, 8, 9, 5, 2, 1]
converge at iter_ = 9
x                =  [0.156, 0.789, 0.905, 0.915, 1.0, 0.589, 0.184, 0.96, 0.9570000000000001, 0.971]
current time = 8
residual life    =  [10, 15, 14, 6, 11, 13, 11, 8, 6, 11]
converge at iter_ = 9
x                =  [0.007, 0.0, 0.0, 0.0, 0.0, 0.0, 0.005, 0.0, 0.0, 0.0]
current time = 9
residual life    =  [11, 15, 6, 11, 9, 15, 6, 5, 11, 4]
converge at iter_ = 9
x                =  [0.01, 0.0, 0.0, 0.0, 0.0, 0.0, 0.011, 0.0, 0.0, 0.0]
current time = 10
residual life    =  [12, 7, 10, 9, 10, 10, 3, 10, 3, 3]
converge at iter_ = 9
x                =  [0.013000000000000001, 0.0, 0.0, 0.0, 0.0, 0.0, 0.014, 0.0, 0.0, 0.002]
current time = 11
residual life    =  [1, 11, 8, 10, 6, 6, 8, 2, 3, 4]
converge at iter_ = 9
x                =  [0.015, 0.0, 0.0, 0.0, 0.0, 0.0, 0.017, 0.006, 0.007, 0.013000000000000001]
current time = 12
residual life    =  [7, 9, 10, 6, 3, 13, 1, 2, 4, 5]
converge at iter_ = 9
x                =  [0.021, 0.0, 0.003, 0.005, 0.008, 0.0, 0.033, 0.013000000000000001, 0.014, 0.019]
current time = 13
residual life    =  [5, 10, 6, 3, 7, 3, 1, 3, 6, 2]
converge at iter_ = 9
x                =  [0.039, 0.0, 0.009000000000000001, 0.011, 0.014, 0.007, 0.05, 0.024, 0.02, 0.044]
current time = 14
residual life    =  [7, 6, 2, 7, 1, 3, 2, 4, 3, 2]
converge at iter_ = 9
x                =  [0.08, 0.032, 0.054, 0.055, 0.068, 0.032, 0.098, 0.076, 0.07200000000000001, 0.096]
current time = 15
residual life    =  [3, 3, 7, 1, 1, 5, 3, 2, 2, 5]
converge at iter_ = 9
x                =  [0.068, 0.016, 0.03, 0.044, 0.064, 0.019, 0.106, 0.07, 0.068, 0.11]
current time = 16
residual life    =  [1, 7, 1, 1, 2, 7, 1, 2, 5, 2]
converge at iter_ = 9
x                =  [0.255, 0.17300000000000001, 0.221, 0.23500000000000001, 0.28500000000000003, 0.169, 0.319, 0.303, 0.281, 0.338]
current time = 17
residual life    =  [5, 1, 1, 2, 2, 3, 1, 4, 2, 1]
converge at iter_ = 9
x                =  [0.978, 0.978, 0.978, 0.978, 0.978, 0.9590000000000001, 0.978, 0.978, 0.978, 0.978]
current time = 18
residual life    =  [11, 10, 10, 12, 8, 12, 20, 9, 10, 13]
converge at iter_ = 1
x                =  [0.0, 0.0, 0.0, 0.0, 0.0, 0.0, 0.0, 0.0, 0.0, 0.0]
current time = 19
residual life    =  [11, 11, 11, 9, 8, 16, 15, 8, 14, 11]
converge at iter_ = 1
x                =  [0.0, 0.0, 0.0, 0.0, 0.0, 0.0, 0.0, 0.0, 0.0, 0.0]
current time = 20
residual life    =  [14, 12, 8, 8, 10, 11, 14, 12, 11, 6]
converge at iter_ = 9
x                =  [0.0, 0.0, 0.0, 0.0, 0.0, 0.0, 0.0, 0.0, 0.0, 0.002]
groupResult = 
[0, 0, 0, 0, 0, 0, 0, 0, 0, 0, 0, 0, 0, 0, 0, 0, 0, 1, 0, 0, 0]
[0, 0, 0, 0, 0, 0, 0, 1, 0, 0, 0, 0, 0, 0, 0, 0, 0, 1, 0, 0, 0]
[0, 0, 0, 0, 0, 0, 0, 1, 0, 0, 0, 0, 0, 0, 0, 0, 0, 1, 0, 0, 0]
[0, 0, 0, 0, 0, 0, 0, 1, 0, 0, 0, 0, 0, 0, 0, 0, 0, 1, 0, 0, 0]
[0, 0, 0, 0, 0, 0, 0, 2, 0, 0, 0, 0, 0, 0, 0, 0, 0, 1, 0, 0, 0]
[0, 0, 0, 0, 0, 0, 0, 1, 0, 0, 0, 0, 0, 0, 0, 0, 0, 1, 0, 0, 0]
[0, 0, 0, 0, 0, 0, 0, 0, 0, 0, 0, 0, 0, 0, 0, 0, 0, 1, 0, 0, 0]
[0, 0, 0, 0, 0, 0, 0, 1, 0, 0, 0, 0, 0, 0, 0, 0, 0, 1, 0, 0, 0]
[0, 0, 0, 0, 0, 0, 0, 1, 0, 0, 0, 0, 0, 0, 0, 0, 0, 1, 0, 0, 0]
[0, 0, 0, 0, 0, 0, 0, 1, 0, 0, 0, 0, 0, 0, 0, 0, 0, 1, 0, 0, 0]
cost             = 52
cost[1] = 52
time             = 64268
cost
[52.2]
average cost
52.2
=============================================
