=============Heuristic=====================
==============scale, d, ccr==================
==================LLH========================
[9, 20] 5 [17, 27]
current time = 1
residual life    =  [16, 13, 11, 12, 11, 6, 17, 8, 11, 7]
converge at iter_ = 7
x                =  [0.0, 0.0, 0.0, 0.0, 0.0, 0.0, 0.0, 0.0, 0.0, 0.0]
current time = 2
residual life    =  [16, 11, 11, 12, 4, 13, 14, 10, 7, 4]
converge at iter_ = 9
x                =  [0.0, 0.0, 0.0, 0.0, 0.0, 0.0, 0.0, 0.0, 0.0, 0.002]
current time = 3
residual life    =  [15, 12, 11, 3, 8, 10, 16, 5, 3, 8]
converge at iter_ = 9
x                =  [0.0, 0.0, 0.0, 0.0, 0.0, 0.0, 0.0, 0.006, 0.007, 0.012]
current time = 4
residual life    =  [16, 12, 3, 8, 6, 12, 11, 3, 8, 1]
converge at iter_ = 9
x                =  [0.0, 0.0, 0.002, 0.005, 0.008, 0.0, 0.0, 0.013000000000000001, 0.014, 0.018000000000000002]
current time = 5
residual life    =  [17, 4, 7, 6, 7, 7, 7, 7, 1, 1]
converge at iter_ = 9
x                =  [0.0, 0.0, 0.009000000000000001, 0.011, 0.015, 0.008, 0.0, 0.024, 0.022, 0.045]
current time = 6
residual life    =  [5, 8, 6, 7, 3, 3, 13, 1, 1, 2]
converge at iter_ = 9
x                =  [0.0, 0.005, 0.013000000000000001, 0.015, 0.031, 0.01, 0.0, 0.037, 0.033, 0.054]
current time = 7
residual life    =  [12, 6, 7, 3, 1, 10, 4, 1, 2, 3]
converge at iter_ = 9
x                =  [0.005, 0.019, 0.035, 0.043000000000000003, 0.062, 0.02, 0.003, 0.073, 0.067, 0.127]
current time = 8
residual life    =  [10, 7, 3, 1, 4, 1, 4, 1, 3, 1]
converge at iter_ = 9
x                =  [0.025, 0.067, 0.115, 0.123, 0.171, 0.065, 0.032, 0.20500000000000002, 0.184, 0.273]
current time = 9
residual life    =  [12, 3, 1, 5, 0, 1, 6, 2, 1, 1]
converge at iter_ = 9
x                =  [0.228, 0.836, 0.926, 0.9400000000000001, 1.0, 0.773, 0.375, 0.984, 0.971, 0.99]
current time = 10
residual life    =  [6, 10, 14, 7, 7, 12, 7, 8, 9, 11]
converge at iter_ = 9
x                =  [0.013000000000000001, 0.0, 0.0, 0.0, 0.0, 0.0, 0.014, 0.0, 0.0, 0.0]
current time = 11
residual life    =  [3, 14, 6, 6, 8, 14, 4, 8, 12, 7]
converge at iter_ = 9
x                =  [0.015, 0.0, 0.0, 0.0, 0.0, 0.0, 0.018000000000000002, 0.0, 0.0, 0.0]
current time = 12
residual life    =  [9, 7, 6, 8, 9, 9, 4, 10, 7, 7]
converge at iter_ = 9
x                =  [0.021, 0.0, 0.0, 0.0, 0.0, 0.0, 0.033, 0.0, 0.0, 0.002]
current time = 13
residual life    =  [1, 7, 7, 9, 5, 9, 7, 6, 7, 10]
converge at iter_ = 9
x                =  [0.038, 0.0, 0.0, 0.0, 0.001, 0.0, 0.045, 0.006, 0.007, 0.013000000000000001]
current time = 14
residual life    =  [1, 8, 8, 6, 5, 13, 3, 5, 11, 8]
converge at iter_ = 9
x                =  [0.066, 0.0, 0.004, 0.006, 0.011, 0.0, 0.093, 0.019, 0.019, 0.029]
current time = 15
residual life    =  [2, 9, 5, 5, 7, 8, 2, 9, 8, 4]
converge at iter_ = 9
x                =  [0.14100000000000001, 0.013000000000000001, 0.033, 0.043000000000000003, 0.076, 0.017, 0.179, 0.08600000000000001, 0.09, 0.124]
current time = 16
residual life    =  [4, 6, 5, 8, 4, 7, 6, 7, 4, 3]
converge at iter_ = 9
x                =  [0.122, 0.041, 0.069, 0.068, 0.09, 0.045, 0.182, 0.098, 0.089, 0.114]
current time = 17
residual life    =  [1, 5, 7, 4, 3, 13, 4, 3, 3, 2]
converge at iter_ = 9
x                =  [0.256, 0.112, 0.189, 0.197, 0.223, 0.097, 0.316, 0.232, 0.22, 0.257]
current time = 18
residual life    =  [2, 8, 4, 3, 6, 10, 1, 2, 2, 3]
converge at iter_ = 9
x                =  [0.909, 0.876, 0.9, 0.885, 0.908, 0.616, 0.929, 0.907, 0.904, 0.913]
current time = 19
residual life    =  [22, 13, 11, 16, 13, 13, 16, 9, 11, 8]
converge at iter_ = 1
x                =  [0.0, 0.0, 0.0, 0.0, 0.0, 0.0, 0.0, 0.0, 0.0, 0.0]
current time = 20
residual life    =  [16, 12, 15, 13, 9, 12, 15, 10, 8, 7]
converge at iter_ = 1
x                =  [0.0, 0.0, 0.0, 0.0, 0.0, 0.0, 0.0, 0.0, 0.0, 0.0]
groupResult = 
[0, 0, 0, 0, 0, 0, 0, 0, 0, 0, 0, 0, 0, 0, 0, 0, 0, 0, 1, 0, 0]
[0, 0, 0, 0, 0, 0, 0, 0, 0, 1, 0, 0, 0, 0, 0, 0, 0, 0, 1, 0, 0]
[0, 0, 0, 0, 0, 0, 0, 0, 0, 1, 0, 0, 0, 0, 0, 0, 0, 0, 1, 0, 0]
[0, 0, 0, 0, 0, 0, 0, 0, 0, 1, 0, 0, 0, 0, 0, 0, 0, 0, 1, 0, 0]
[0, 0, 0, 0, 0, 0, 0, 0, 0, 2, 0, 0, 0, 0, 0, 0, 0, 0, 1, 0, 0]
[0, 0, 0, 0, 0, 0, 0, 0, 0, 1, 0, 0, 0, 0, 0, 0, 0, 0, 1, 0, 0]
[0, 0, 0, 0, 0, 0, 0, 0, 0, 0, 0, 0, 0, 0, 0, 0, 0, 0, 1, 0, 0]
[0, 0, 0, 0, 0, 0, 0, 0, 0, 1, 0, 0, 0, 0, 0, 0, 0, 0, 1, 0, 0]
[0, 0, 0, 0, 0, 0, 0, 0, 0, 1, 0, 0, 0, 0, 0, 0, 0, 0, 1, 0, 0]
[0, 0, 0, 0, 0, 0, 0, 0, 0, 1, 0, 0, 0, 0, 0, 0, 0, 0, 1, 0, 0]
cost             = 52
cost[1] = 52
time             = 64319
cost
[52.2]
average cost
52.2
=============================================
