=============Heuristic=====================
==============scale, d, ccr==================
==================LLH========================
[9, 20] 5 [17, 27]
current time = 1
residual life    =  [17, 14, 9, 7, 11, 7, 11, 7, 10, 6]
converge at iter_ = 7
x                =  [0.0, 0.0, 0.0, 0.0, 0.0, 0.0, 0.0, 0.0, 0.0, 0.0]
current time = 2
residual life    =  [19, 10, 6, 11, 4, 7, 13, 8, 6, 6]
converge at iter_ = 9
x                =  [0.0, 0.0, 0.0, 0.0, 0.0, 0.0, 0.0, 0.0, 0.0, 0.002]
current time = 3
residual life    =  [13, 7, 11, 4, 4, 9, 14, 5, 6, 8]
converge at iter_ = 9
x                =  [0.0, 0.0, 0.0, 0.0, 0.0, 0.0, 0.0, 0.006, 0.007, 0.012]
current time = 4
residual life    =  [9, 11, 3, 4, 5, 11, 11, 5, 9, 5]
converge at iter_ = 9
x                =  [0.0, 0.0, 0.002, 0.005, 0.008, 0.0, 0.0, 0.013000000000000001, 0.014, 0.018000000000000002]
current time = 5
residual life    =  [16, 4, 3, 5, 6, 6, 10, 7, 5, 4]
converge at iter_ = 9
x                =  [0.0, 0.0, 0.009000000000000001, 0.011, 0.015, 0.008, 0.0, 0.024, 0.022, 0.045]
current time = 6
residual life    =  [5, 4, 4, 6, 3, 6, 14, 3, 4, 7]
converge at iter_ = 9
x                =  [0.0, 0.005, 0.013000000000000001, 0.015, 0.031, 0.01, 0.0, 0.037, 0.033, 0.054]
current time = 7
residual life    =  [5, 5, 5, 3, 2, 10, 9, 3, 8, 5]
converge at iter_ = 9
x                =  [0.005, 0.019, 0.035, 0.043000000000000003, 0.062, 0.02, 0.003, 0.073, 0.067, 0.127]
current time = 8
residual life    =  [8, 6, 2, 3, 4, 5, 8, 6, 5, 2]
converge at iter_ = 9
x                =  [0.025, 0.067, 0.115, 0.123, 0.171, 0.065, 0.032, 0.20500000000000002, 0.184, 0.273]
current time = 9
residual life    =  [10, 3, 2, 5, 2, 5, 13, 4, 2, 1]
converge at iter_ = 9
x                =  [0.074, 0.293, 0.377, 0.41100000000000003, 0.556, 0.259, 0.085, 0.581, 0.53, 0.626]
current time = 10
residual life    =  [6, 3, 5, 2, 10, 10, 10, 9, 10, 8]
converge at iter_ = 9
x                =  [0.027, 0.082, 0.14300000000000002, 0.159, 0.001, 0.081, 0.029, 0.009000000000000001, 0.003, 0.008]
current time = 11
residual life    =  [6, 5, 2, 1, 13, 7, 5, 8, 8, 9]
converge at iter_ = 9
x                =  [0.057, 0.178, 0.243, 0.279, 0.008, 0.125, 0.078, 0.011, 0.018000000000000002, 0.012]
current time = 12
residual life    =  [10, 2, 1, 4, 11, 2, 5, 7, 9, 6]
converge at iter_ = 9
x                =  [0.105, 0.361, 0.507, 0.555, 0.036000000000000004, 0.319, 0.14100000000000001, 0.047, 0.041, 0.068]
current time = 13
residual life    =  [5, 1, 16, 14, 7, 2, 4, 8, 6, 5]
converge at iter_ = 9
x                =  [0.125, 0.276, 0.007, 0.011, 0.064, 0.225, 0.14400000000000002, 0.079, 0.07200000000000001, 0.097]
current time = 14
residual life    =  [4, 4, 14, 10, 6, 2, 4, 4, 5, 7]
converge at iter_ = 9
x                =  [0.189, 0.47400000000000003, 0.01, 0.009000000000000001, 0.112, 0.315, 0.216, 0.122, 0.11900000000000001, 0.145]
current time = 15
residual life    =  [10, 2, 9, 9, 5, 2, 2, 4, 7, 4]
converge at iter_ = 9
x                =  [0.47700000000000004, 0.757, 0.066, 0.083, 0.421, 0.631, 0.539, 0.426, 0.418, 0.466]
current time = 16
residual life    =  [7, 13, 8, 8, 5, 12, 16, 5, 4, 4]
converge at iter_ = 9
x                =  [0.106, 0.0, 0.013000000000000001, 0.013000000000000001, 0.074, 0.003, 0.0, 0.08, 0.08, 0.095]
current time = 17
residual life    =  [2, 12, 7, 8, 2, 11, 18, 3, 4, 2]
converge at iter_ = 9
x                =  [0.10300000000000001, 0.0, 0.005, 0.01, 0.065, 0.001, 0.0, 0.07200000000000001, 0.07, 0.108]
current time = 18
residual life    =  [2, 11, 8, 5, 2, 14, 15, 3, 2, 5]
converge at iter_ = 9
x                =  [0.427, 0.025, 0.278, 0.272, 0.41600000000000004, 0.031, 0.008, 0.424, 0.41600000000000004, 0.44]
current time = 19
residual life    =  [2, 11, 5, 4, 3, 11, 14, 1, 5, 2]
converge at iter_ = 9
x                =  [0.34900000000000003, 0.002, 0.029, 0.049, 0.354, 0.002, 0.0, 0.35100000000000003, 0.34900000000000003, 0.424]
current time = 20
residual life    =  [2, 8, 4, 6, 1, 11, 12, 4, 2, 2]
converge at iter_ = 9
x                =  [0.983, 0.445, 0.928, 0.925, 0.991, 0.248, 0.06, 0.988, 0.986, 0.989]
groupResult = 
[0, 0, 0, 0, 0, 0, 0, 0, 0, 0, 0, 0, 0, 0, 0, 0, 0, 0, 0, 0, 1]
[0, 0, 0, 0, 0, 0, 0, 0, 0, 0, 0, 0, 0, 0, 0, 1, 0, 0, 0, 0, 0]
[0, 0, 0, 0, 0, 0, 0, 0, 0, 0, 0, 0, 1, 0, 0, 0, 0, 0, 0, 0, 1]
[0, 0, 0, 0, 0, 0, 0, 0, 0, 0, 0, 0, 1, 0, 0, 0, 0, 0, 0, 0, 1]
[0, 0, 0, 0, 0, 0, 0, 0, 0, 1, 0, 0, 0, 0, 0, 0, 0, 0, 0, 0, 1]
[0, 0, 0, 0, 0, 0, 0, 0, 0, 0, 0, 0, 0, 0, 0, 1, 0, 0, 0, 0, 0]
[0, 0, 0, 0, 0, 0, 0, 0, 0, 0, 0, 0, 0, 0, 0, 1, 0, 0, 0, 0, 0]
[0, 0, 0, 0, 0, 0, 0, 0, 0, 1, 0, 0, 0, 0, 0, 0, 0, 0, 0, 0, 1]
[0, 0, 0, 0, 0, 0, 0, 0, 0, 1, 0, 0, 0, 0, 0, 0, 0, 0, 0, 0, 1]
[0, 0, 0, 0, 0, 0, 0, 0, 0, 1, 0, 0, 0, 0, 0, 0, 0, 0, 0, 0, 1]
cost             = 36
cost[1] = 36
time             = 66022
cost
[36]
average cost
36.0
=============================================
