=============Heuristic=====================
==============scale, d, ccr==================
==================LLH========================
[9, 20] 5 [17, 27]
current time = 1
residual life    =  [14, 11, 13, 10, 9, 19, 19, 8, 9, 7]
converge at iter_ = 7
x                =  [0.0, 0.0, 0.0, 0.0, 0.0, 0.0, 0.0, 0.0, 0.0, 0.0]
current time = 2
residual life    =  [14, 14, 9, 9, 12, 16, 14, 7, 7, 8]
converge at iter_ = 9
x                =  [0.0, 0.0, 0.0, 0.0, 0.0, 0.0, 0.0, 0.0, 0.0, 0.002]
current time = 3
residual life    =  [19, 10, 8, 13, 10, 10, 13, 6, 8, 5]
converge at iter_ = 9
x                =  [0.0, 0.0, 0.0, 0.0, 0.0, 0.0, 0.0, 0.006, 0.007, 0.012]
current time = 4
residual life    =  [13, 9, 12, 10, 6, 9, 12, 7, 5, 4]
converge at iter_ = 9
x                =  [0.0, 0.0, 0.002, 0.005, 0.008, 0.0, 0.0, 0.013000000000000001, 0.014, 0.018000000000000002]
current time = 5
residual life    =  [12, 12, 10, 6, 5, 8, 13, 4, 4, 6]
converge at iter_ = 9
x                =  [0.0, 0.0, 0.009000000000000001, 0.011, 0.015, 0.008, 0.0, 0.024, 0.022, 0.045]
current time = 6
residual life    =  [19, 10, 5, 5, 4, 9, 9, 3, 6, 3]
converge at iter_ = 9
x                =  [0.0, 0.005, 0.013000000000000001, 0.015, 0.031, 0.01, 0.0, 0.037, 0.033, 0.054]
current time = 7
residual life    =  [15, 6, 5, 4, 4, 5, 9, 5, 3, 3]
converge at iter_ = 9
x                =  [0.005, 0.019, 0.035, 0.043000000000000003, 0.062, 0.02, 0.003, 0.073, 0.067, 0.127]
current time = 8
residual life    =  [9, 5, 4, 4, 2, 5, 11, 2, 3, 1]
converge at iter_ = 9
x                =  [0.025, 0.067, 0.115, 0.123, 0.171, 0.065, 0.032, 0.20500000000000002, 0.184, 0.273]
current time = 9
residual life    =  [9, 4, 4, 2, 1, 7, 8, 2, 1, 4]
converge at iter_ = 9
x                =  [0.074, 0.293, 0.377, 0.41100000000000003, 0.556, 0.259, 0.085, 0.581, 0.53, 0.626]
current time = 10
residual life    =  [8, 4, 2, 2, 11, 4, 7, 9, 14, 9]
converge at iter_ = 9
x                =  [0.027, 0.082, 0.14300000000000002, 0.159, 0.001, 0.081, 0.029, 0.009000000000000001, 0.003, 0.008]
current time = 11
residual life    =  [8, 2, 1, 3, 9, 4, 5, 12, 9, 9]
converge at iter_ = 9
x                =  [0.057, 0.178, 0.243, 0.279, 0.008, 0.125, 0.078, 0.011, 0.018000000000000002, 0.012]
current time = 12
residual life    =  [5, 2, 2, 1, 9, 2, 9, 8, 9, 4]
converge at iter_ = 9
x                =  [0.105, 0.361, 0.507, 0.555, 0.036000000000000004, 0.319, 0.14100000000000001, 0.047, 0.041, 0.068]
current time = 13
residual life    =  [4, 3, 12, 12, 6, 6, 5, 8, 4, 7]
converge at iter_ = 9
x                =  [0.125, 0.276, 0.007, 0.011, 0.064, 0.225, 0.14400000000000002, 0.079, 0.07200000000000001, 0.097]
current time = 14
residual life    =  [7, 1, 11, 9, 9, 2, 5, 3, 7, 5]
converge at iter_ = 9
x                =  [0.189, 0.47400000000000003, 0.01, 0.009000000000000001, 0.112, 0.315, 0.216, 0.122, 0.11900000000000001, 0.145]
current time = 15
residual life    =  [4, 1, 9, 13, 5, 3, 1, 5, 5, 7]
converge at iter_ = 9
x                =  [0.47700000000000004, 0.757, 0.066, 0.083, 0.421, 0.631, 0.539, 0.426, 0.418, 0.466]
current time = 16
residual life    =  [4, 12, 12, 9, 5, 10, 18, 3, 7, 3]
converge at iter_ = 9
x                =  [0.106, 0.0, 0.013000000000000001, 0.013000000000000001, 0.074, 0.003, 0.0, 0.08, 0.08, 0.095]
current time = 17
residual life    =  [2, 16, 8, 9, 1, 14, 15, 6, 3, 4]
converge at iter_ = 9
x                =  [0.10300000000000001, 0.0, 0.005, 0.01, 0.065, 0.001, 0.0, 0.07200000000000001, 0.07, 0.108]
current time = 18
residual life    =  [6, 12, 8, 3, 3, 11, 18, 2, 4, 0]
converge at iter_ = 9
x                =  [0.983, 0.057, 0.912, 0.884, 0.99, 0.227, 0.029, 0.994, 0.991, 1.0]
current time = 19
residual life    =  [19, 12, 8, 12, 10, 15, 14, 11, 5, 8]
converge at iter_ = 1
x                =  [0.0, 0.0, 0.0, 0.0, 0.0, 0.0, 0.0, 0.0, 0.0, 0.0]
current time = 20
residual life    =  [19, 6, 11, 10, 12, 10, 14, 4, 8, 5]
converge at iter_ = 1
x                =  [0.0, 0.0, 0.0, 0.0, 0.0, 0.0, 0.0, 0.0, 0.0, 0.0]
groupResult = 
[0, 0, 0, 0, 0, 0, 0, 0, 0, 0, 0, 0, 0, 0, 0, 0, 0, 0, 1, 0, 0]
[0, 0, 0, 0, 0, 0, 0, 0, 0, 0, 0, 0, 0, 0, 0, 1, 0, 0, 0, 0, 0]
[0, 0, 0, 0, 0, 0, 0, 0, 0, 0, 0, 0, 1, 0, 0, 0, 0, 0, 1, 0, 0]
[0, 0, 0, 0, 0, 0, 0, 0, 0, 0, 0, 0, 1, 0, 0, 0, 0, 0, 1, 0, 0]
[0, 0, 0, 0, 0, 0, 0, 0, 0, 1, 0, 0, 0, 0, 0, 0, 0, 0, 1, 0, 0]
[0, 0, 0, 0, 0, 0, 0, 0, 0, 0, 0, 0, 0, 0, 0, 1, 0, 0, 0, 0, 0]
[0, 0, 0, 0, 0, 0, 0, 0, 0, 0, 0, 0, 0, 0, 0, 1, 0, 0, 0, 0, 0]
[0, 0, 0, 0, 0, 0, 0, 0, 0, 1, 0, 0, 0, 0, 0, 0, 0, 0, 1, 0, 0]
[0, 0, 0, 0, 0, 0, 0, 0, 0, 1, 0, 0, 0, 0, 0, 0, 0, 0, 1, 0, 0]
[0, 0, 0, 0, 0, 0, 0, 0, 0, 1, 0, 0, 0, 0, 0, 0, 0, 0, 2, 0, 0]
cost             = 58
cost[1] = 58
time             = 66064
cost
[58.0]
average cost
58.0
=============================================
