=============Heuristic=====================
==============scale, d, ccr==================
==================LLL========================
[9, 20] 5 [6, 16]
current time = 1
residual life    =  [16, 10, 12, 12, 9, 12, 16, 9, 10, 10]
converge at iter_ = 3
x                =  [0.0, 0.0, 0.0, 0.0, 0.0, 0.0, 0.0, 0.0, 0.0, 0.0]
current time = 2
residual life    =  [13, 12, 11, 9, 8, 12, 15, 9, 11, 2]
converge at iter_ = 9
x                =  [0.0, 0.0, 0.0, 0.0, 0.0, 0.0, 0.0, 0.0, 0.0, 0.002]
current time = 3
residual life    =  [16, 12, 9, 8, 7, 11, 15, 9, 2, 7]
converge at iter_ = 9
x                =  [0.0, 0.0, 0.0, 0.0, 0.0, 0.0, 0.0, 0.006, 0.007, 0.012]
current time = 4
residual life    =  [16, 9, 7, 8, 6, 12, 16, 1, 7, 5]
converge at iter_ = 9
x                =  [0.0, 0.0, 0.002, 0.005, 0.008, 0.0, 0.0, 0.014, 0.013000000000000001, 0.018000000000000002]
current time = 5
residual life    =  [13, 8, 7, 6, 6, 12, 6, 5, 5, 6]
converge at iter_ = 9
x                =  [0.0, 0.0, 0.009000000000000001, 0.01, 0.014, 0.007, 0.0, 0.021, 0.019, 0.035]
current time = 6
residual life    =  [11, 8, 6, 7, 6, 2, 12, 4, 6, 2]
converge at iter_ = 9
x                =  [0.007, 0.019, 0.039, 0.064, 0.133, 0.03, 0.003, 0.152, 0.135, 0.192]
current time = 7
residual life    =  [11, 6, 6, 7, 0, 8, 9, 5, 2, 1]
converge at iter_ = 9
x                =  [0.181, 0.8140000000000001, 0.892, 0.917, 1.0, 0.712, 0.275, 0.9530000000000001, 0.9510000000000001, 0.976]
current time = 8
residual life    =  [10, 15, 14, 6, 11, 13, 11, 8, 6, 11]
converge at iter_ = 9
x                =  [0.007, 0.0, 0.0, 0.0, 0.0, 0.0, 0.005, 0.0, 0.0, 0.0]
current time = 9
residual life    =  [11, 15, 6, 11, 9, 15, 6, 5, 11, 4]
converge at iter_ = 9
x                =  [0.01, 0.0, 0.0, 0.0, 0.0, 0.0, 0.01, 0.0, 0.0, 0.0]
current time = 10
residual life    =  [12, 7, 10, 9, 10, 10, 3, 10, 3, 3]
converge at iter_ = 9
x                =  [0.013000000000000001, 0.0, 0.0, 0.0, 0.0, 0.0, 0.013000000000000001, 0.0, 0.0, 0.002]
current time = 11
residual life    =  [1, 11, 8, 10, 6, 6, 8, 2, 3, 4]
converge at iter_ = 9
x                =  [0.016, 0.0, 0.0, 0.0, 0.0, 0.0, 0.017, 0.006, 0.007, 0.012]
current time = 12
residual life    =  [7, 9, 10, 6, 3, 13, 1, 2, 4, 5]
converge at iter_ = 9
x                =  [0.021, 0.0, 0.002, 0.005, 0.008, 0.0, 0.031, 0.013000000000000001, 0.013000000000000001, 0.018000000000000002]
current time = 13
residual life    =  [5, 10, 6, 3, 7, 3, 1, 3, 6, 2]
converge at iter_ = 9
x                =  [0.033, 0.0, 0.009000000000000001, 0.01, 0.013000000000000001, 0.007, 0.043000000000000003, 0.02, 0.019, 0.033]
current time = 14
residual life    =  [7, 6, 2, 7, 1, 3, 2, 4, 3, 2]
converge at iter_ = 9
x                =  [0.295, 0.062, 0.157, 0.184, 0.309, 0.084, 0.359, 0.321, 0.307, 0.385]
current time = 15
residual life    =  [3, 3, 7, 1, 1, 5, 3, 2, 2, 5]
converge at iter_ = 9
x                =  [0.216, 0.14200000000000002, 0.183, 0.192, 0.215, 0.11900000000000001, 0.256, 0.221, 0.222, 0.265]
current time = 16
residual life    =  [1, 7, 1, 1, 2, 7, 1, 2, 5, 2]
converge at iter_ = 9
x                =  [0.28700000000000003, 0.253, 0.272, 0.273, 0.317, 0.227, 0.332, 0.329, 0.322, 0.359]
current time = 17
residual life    =  [5, 1, 1, 2, 2, 3, 1, 4, 2, 1]
converge at iter_ = 9
x                =  [0.978, 0.978, 0.978, 0.978, 0.978, 0.9590000000000001, 0.978, 0.978, 0.978, 0.978]
current time = 18
residual life    =  [11, 10, 10, 12, 8, 12, 20, 9, 10, 13]
converge at iter_ = 1
x                =  [0.0, 0.0, 0.0, 0.0, 0.0, 0.0, 0.0, 0.0, 0.0, 0.0]
current time = 19
residual life    =  [11, 11, 11, 9, 8, 16, 15, 8, 14, 11]
converge at iter_ = 1
x                =  [0.0, 0.0, 0.0, 0.0, 0.0, 0.0, 0.0, 0.0, 0.0, 0.0]
current time = 20
residual life    =  [14, 12, 8, 8, 10, 11, 14, 12, 11, 6]
converge at iter_ = 9
x                =  [0.0, 0.0, 0.0, 0.0, 0.0, 0.0, 0.0, 0.0, 0.0, 0.002]
groupResult = 
[0, 0, 0, 0, 0, 0, 0, 0, 0, 0, 0, 0, 0, 0, 0, 0, 0, 1, 0, 0, 0]
[0, 0, 0, 0, 0, 0, 0, 1, 0, 0, 0, 0, 0, 0, 0, 0, 0, 1, 0, 0, 0]
[0, 0, 0, 0, 0, 0, 0, 1, 0, 0, 0, 0, 0, 0, 0, 0, 0, 1, 0, 0, 0]
[0, 0, 0, 0, 0, 0, 0, 1, 0, 0, 0, 0, 0, 0, 0, 0, 0, 1, 0, 0, 0]
[0, 0, 0, 0, 0, 0, 0, 2, 0, 0, 0, 0, 0, 0, 0, 0, 0, 1, 0, 0, 0]
[0, 0, 0, 0, 0, 0, 0, 1, 0, 0, 0, 0, 0, 0, 0, 0, 0, 1, 0, 0, 0]
[0, 0, 0, 0, 0, 0, 0, 0, 0, 0, 0, 0, 0, 0, 0, 0, 0, 1, 0, 0, 0]
[0, 0, 0, 0, 0, 0, 0, 1, 0, 0, 0, 0, 0, 0, 0, 0, 0, 1, 0, 0, 0]
[0, 0, 0, 0, 0, 0, 0, 1, 0, 0, 0, 0, 0, 0, 0, 0, 0, 1, 0, 0, 0]
[0, 0, 0, 0, 0, 0, 0, 1, 0, 0, 0, 0, 0, 0, 0, 0, 0, 1, 0, 0, 0]
cost             = 41
cost[1] = 41
time             = 62251
cost
[41.2]
average cost
41.2
=============================================
