=============Heuristic=====================
==============scale, d, ccr==================
==================LHH========================
[9, 20] 5 [6, 16]
current time = 1
residual life    =  [16, 13, 11, 12, 11, 6, 17, 8, 11, 7]
converge at iter_ = 3
x                =  [0.0, 0.0, 0.0, 0.0, 0.0, 0.0, 0.0, 0.0, 0.0, 0.0]
current time = 2
residual life    =  [16, 11, 11, 12, 4, 13, 14, 10, 7, 4]
converge at iter_ = 9
x                =  [0.0, 0.0, 0.0, 0.0, 0.0, 0.0, 0.0, 0.0, 0.0, 0.002]
current time = 3
residual life    =  [15, 12, 11, 3, 8, 10, 16, 5, 3, 8]
converge at iter_ = 9
x                =  [0.0, 0.0, 0.0, 0.0, 0.0, 0.0, 0.0, 0.006, 0.007, 0.012]
current time = 4
residual life    =  [16, 12, 3, 8, 6, 12, 11, 3, 8, 1]
converge at iter_ = 9
x                =  [0.0, 0.0, 0.002, 0.005, 0.008, 0.0, 0.0, 0.014, 0.013000000000000001, 0.018000000000000002]
current time = 5
residual life    =  [17, 4, 7, 6, 7, 7, 7, 7, 1, 1]
converge at iter_ = 9
x                =  [0.0, 0.0, 0.009000000000000001, 0.01, 0.014, 0.007, 0.0, 0.021, 0.019, 0.035]
current time = 6
residual life    =  [5, 8, 6, 7, 3, 3, 13, 1, 1, 2]
converge at iter_ = 9
x                =  [0.007, 0.019, 0.039, 0.064, 0.133, 0.03, 0.003, 0.152, 0.135, 0.192]
current time = 7
residual life    =  [12, 6, 7, 3, 1, 10, 4, 1, 2, 3]
converge at iter_ = 9
x                =  [0.004, 0.025, 0.042, 0.052000000000000005, 0.073, 0.026000000000000002, 0.009000000000000001, 0.08, 0.078, 0.123]
current time = 8
residual life    =  [10, 7, 3, 1, 4, 1, 4, 1, 3, 1]
converge at iter_ = 9
x                =  [0.008, 0.033, 0.062, 0.076, 0.121, 0.036000000000000004, 0.008, 0.145, 0.132, 0.181]
current time = 9
residual life    =  [12, 3, 1, 5, 0, 1, 6, 2, 1, 1]
converge at iter_ = 9
x                =  [0.23800000000000002, 0.8280000000000001, 0.916, 0.936, 1.0, 0.755, 0.466, 0.984, 0.965, 0.988]
current time = 10
residual life    =  [6, 10, 14, 7, 7, 12, 7, 8, 9, 11]
converge at iter_ = 9
x                =  [0.013000000000000001, 0.0, 0.0, 0.0, 0.0, 0.0, 0.013000000000000001, 0.0, 0.0, 0.0]
current time = 11
residual life    =  [3, 14, 6, 6, 8, 14, 4, 8, 12, 7]
converge at iter_ = 9
x                =  [0.016, 0.0, 0.0, 0.0, 0.0, 0.0, 0.017, 0.0, 0.0, 0.0]
current time = 12
residual life    =  [9, 7, 6, 8, 9, 9, 4, 10, 7, 7]
converge at iter_ = 9
x                =  [0.022, 0.0, 0.0, 0.0, 0.0, 0.0, 0.031, 0.0, 0.0, 0.002]
current time = 13
residual life    =  [1, 7, 7, 9, 5, 9, 7, 6, 7, 10]
converge at iter_ = 9
x                =  [0.037, 0.0, 0.0, 0.0, 0.0, 0.0, 0.044, 0.006, 0.007, 0.012]
current time = 14
residual life    =  [1, 8, 8, 6, 5, 13, 3, 5, 11, 8]
converge at iter_ = 9
x                =  [0.052000000000000005, 0.0, 0.002, 0.005, 0.011, 0.0, 0.083, 0.015, 0.017, 0.019]
current time = 15
residual life    =  [2, 9, 5, 5, 7, 8, 2, 9, 8, 4]
converge at iter_ = 9
x                =  [0.111, 0.002, 0.018000000000000002, 0.023, 0.03, 0.009000000000000001, 0.154, 0.047, 0.042, 0.07200000000000001]
current time = 16
residual life    =  [4, 6, 5, 8, 4, 7, 6, 7, 4, 3]
converge at iter_ = 9
x                =  [0.266, 0.11900000000000001, 0.212, 0.214, 0.226, 0.105, 0.326, 0.243, 0.24, 0.254]
current time = 17
residual life    =  [1, 5, 7, 4, 3, 13, 4, 3, 3, 2]
converge at iter_ = 9
x                =  [0.42, 0.34500000000000003, 0.353, 0.367, 0.401, 0.29, 0.482, 0.40700000000000003, 0.405, 0.424]
current time = 18
residual life    =  [2, 8, 4, 3, 6, 10, 1, 2, 2, 3]
converge at iter_ = 9
x                =  [0.88, 0.801, 0.862, 0.857, 0.872, 0.797, 0.888, 0.871, 0.877, 0.886]
current time = 19
residual life    =  [22, 13, 11, 16, 13, 13, 16, 9, 11, 8]
converge at iter_ = 1
x                =  [0.0, 0.0, 0.0, 0.0, 0.0, 0.0, 0.0, 0.0, 0.0, 0.0]
current time = 20
residual life    =  [16, 12, 15, 13, 9, 12, 15, 10, 8, 7]
converge at iter_ = 1
x                =  [0.0, 0.0, 0.0, 0.0, 0.0, 0.0, 0.0, 0.0, 0.0, 0.0]
groupResult = 
[0, 0, 0, 0, 0, 0, 0, 0, 0, 0, 0, 0, 0, 0, 0, 0, 0, 0, 1, 0, 0]
[0, 0, 0, 0, 0, 0, 0, 0, 0, 1, 0, 0, 0, 0, 0, 0, 0, 0, 1, 0, 0]
[0, 0, 0, 0, 0, 0, 0, 0, 0, 1, 0, 0, 0, 0, 0, 0, 0, 0, 1, 0, 0]
[0, 0, 0, 0, 0, 0, 0, 0, 0, 1, 0, 0, 0, 0, 0, 0, 0, 0, 1, 0, 0]
[0, 0, 0, 0, 0, 0, 0, 0, 0, 2, 0, 0, 0, 0, 0, 0, 0, 0, 1, 0, 0]
[0, 0, 0, 0, 0, 0, 0, 0, 0, 1, 0, 0, 0, 0, 0, 0, 0, 0, 1, 0, 0]
[0, 0, 0, 0, 0, 0, 0, 0, 0, 0, 0, 0, 0, 0, 0, 0, 0, 0, 1, 0, 0]
[0, 0, 0, 0, 0, 0, 0, 0, 0, 1, 0, 0, 0, 0, 0, 0, 0, 0, 1, 0, 0]
[0, 0, 0, 0, 0, 0, 0, 0, 0, 1, 0, 0, 0, 0, 0, 0, 0, 0, 1, 0, 0]
[0, 0, 0, 0, 0, 0, 0, 0, 0, 1, 0, 0, 0, 0, 0, 0, 0, 0, 1, 0, 0]
cost             = 41
cost[1] = 41
time             = 54295
cost
[41.2]
average cost
41.2
=============================================
