=============Heuristic=====================
==============scale, d, ccr==================
==================LLL========================
[9, 20] 5 [6, 16]
current time = 1
residual life    =  [17, 14, 9, 7, 11, 7, 11, 7, 10, 6]
converge at iter_ = 3
x                =  [0.0, 0.0, 0.0, 0.0, 0.0, 0.0, 0.0, 0.0, 0.0, 0.0]
current time = 2
residual life    =  [19, 10, 6, 11, 4, 7, 13, 8, 6, 6]
converge at iter_ = 9
x                =  [0.0, 0.0, 0.0, 0.0, 0.0, 0.0, 0.0, 0.0, 0.0, 0.002]
current time = 3
residual life    =  [13, 7, 11, 4, 4, 9, 14, 5, 6, 8]
converge at iter_ = 9
x                =  [0.0, 0.0, 0.0, 0.0, 0.0, 0.0, 0.0, 0.006, 0.007, 0.012]
current time = 4
residual life    =  [9, 11, 3, 4, 5, 11, 11, 5, 9, 5]
converge at iter_ = 9
x                =  [0.0, 0.0, 0.002, 0.005, 0.008, 0.0, 0.0, 0.014, 0.013000000000000001, 0.018000000000000002]
current time = 5
residual life    =  [16, 4, 3, 5, 6, 6, 10, 7, 5, 4]
converge at iter_ = 9
x                =  [0.0, 0.0, 0.009000000000000001, 0.01, 0.014, 0.007, 0.0, 0.021, 0.019, 0.035]
current time = 6
residual life    =  [5, 4, 4, 6, 3, 6, 14, 3, 4, 7]
converge at iter_ = 9
x                =  [0.007, 0.019, 0.039, 0.064, 0.133, 0.03, 0.003, 0.152, 0.135, 0.192]
current time = 7
residual life    =  [5, 5, 5, 3, 2, 10, 9, 3, 8, 5]
converge at iter_ = 9
x                =  [0.004, 0.025, 0.042, 0.052000000000000005, 0.073, 0.026000000000000002, 0.009000000000000001, 0.08, 0.078, 0.123]
current time = 8
residual life    =  [8, 6, 2, 3, 4, 5, 8, 6, 5, 2]
converge at iter_ = 9
x                =  [0.008, 0.033, 0.062, 0.076, 0.121, 0.036000000000000004, 0.008, 0.145, 0.132, 0.181]
current time = 9
residual life    =  [10, 3, 2, 5, 2, 5, 13, 4, 2, 1]
converge at iter_ = 9
x                =  [0.041, 0.152, 0.218, 0.229, 0.322, 0.129, 0.042, 0.332, 0.307, 0.39]
current time = 10
residual life    =  [6, 3, 5, 2, 1, 10, 10, 1, 1, 1]
converge at iter_ = 9
x                =  [0.177, 0.898, 0.9440000000000001, 0.9510000000000001, 0.97, 0.6930000000000001, 0.54, 0.969, 0.961, 0.972]
current time = 11
residual life    =  [6, 16, 11, 11, 14, 18, 16, 9, 9, 10]
converge at iter_ = 9
x                =  [0.015, 0.0, 0.0, 0.0, 0.0, 0.0, 0.0, 0.0, 0.0, 0.0]
current time = 12
residual life    =  [10, 12, 10, 15, 12, 12, 15, 8, 10, 7]
converge at iter_ = 9
x                =  [0.021, 0.0, 0.0, 0.0, 0.0, 0.0, 0.0, 0.0, 0.0, 0.0]
current time = 13
residual life    =  [5, 11, 14, 12, 8, 11, 14, 9, 7, 6]
converge at iter_ = 9
x                =  [0.033, 0.0, 0.0, 0.0, 0.0, 0.0, 0.0, 0.0, 0.0, 0.002]
current time = 14
residual life    =  [4, 14, 12, 8, 7, 10, 15, 5, 6, 8]
converge at iter_ = 9
x                =  [0.044, 0.0, 0.0, 0.0, 0.0, 0.0, 0.0, 0.006, 0.007, 0.012]
current time = 15
residual life    =  [10, 12, 7, 7, 6, 11, 11, 5, 8, 5]
converge at iter_ = 9
x                =  [0.06, 0.0, 0.002, 0.005, 0.008, 0.0, 0.0, 0.013000000000000001, 0.013000000000000001, 0.018000000000000002]
current time = 16
residual life    =  [7, 8, 6, 6, 6, 7, 11, 6, 5, 5]
converge at iter_ = 9
x                =  [0.08, 0.0, 0.009000000000000001, 0.01, 0.013000000000000001, 0.007, 0.0, 0.025, 0.019, 0.038]
current time = 17
residual life    =  [2, 7, 5, 6, 3, 7, 13, 4, 5, 2]
converge at iter_ = 9
x                =  [0.28500000000000003, 0.048, 0.106, 0.123, 0.214, 0.053, 0.012, 0.227, 0.209, 0.267]
current time = 18
residual life    =  [2, 6, 6, 3, 3, 9, 10, 4, 2, 6]
converge at iter_ = 9
x                =  [0.376, 0.278, 0.291, 0.298, 0.32, 0.257, 0.093, 0.332, 0.328, 0.34700000000000003]
current time = 19
residual life    =  [2, 6, 3, 3, 4, 6, 9, 2, 6, 2]
converge at iter_ = 9
x                =  [0.734, 0.62, 0.676, 0.677, 0.713, 0.614, 0.318, 0.723, 0.72, 0.734]
current time = 20
residual life    =  [19, 12, 11, 13, 10, 15, 7, 13, 10, 10]
converge at iter_ = 9
x                =  [0.0, 0.0, 0.0, 0.0, 0.0, 0.0, 0.01, 0.0, 0.0, 0.0]
groupResult = 
[0, 0, 0, 0, 0, 0, 0, 0, 0, 0, 0, 0, 0, 0, 0, 0, 0, 0, 0, 1, 0]
[0, 0, 0, 0, 0, 0, 0, 0, 0, 0, 1, 0, 0, 0, 0, 0, 0, 0, 0, 1, 0]
[0, 0, 0, 0, 0, 0, 0, 0, 0, 0, 1, 0, 0, 0, 0, 0, 0, 0, 0, 1, 0]
[0, 0, 0, 0, 0, 0, 0, 0, 0, 0, 1, 0, 0, 0, 0, 0, 0, 0, 0, 1, 0]
[0, 0, 0, 0, 0, 0, 0, 0, 0, 0, 1, 0, 0, 0, 0, 0, 0, 0, 0, 1, 0]
[0, 0, 0, 0, 0, 0, 0, 0, 0, 0, 1, 0, 0, 0, 0, 0, 0, 0, 0, 1, 0]
[0, 0, 0, 0, 0, 0, 0, 0, 0, 0, 1, 0, 0, 0, 0, 0, 0, 0, 0, 0, 0]
[0, 0, 0, 0, 0, 0, 0, 0, 0, 0, 1, 0, 0, 0, 0, 0, 0, 0, 0, 1, 0]
[0, 0, 0, 0, 0, 0, 0, 0, 0, 0, 1, 0, 0, 0, 0, 0, 0, 0, 0, 1, 0]
[0, 0, 0, 0, 0, 0, 0, 0, 0, 0, 1, 0, 0, 0, 0, 0, 0, 0, 0, 1, 0]
cost             = 28
cost[1] = 28
time             = 50490
cost
[28]
average cost
28.0
=============================================
