=============Heuristic=====================
==============scale, d, ccr==================
==================LHH========================
[9, 20] 5 [6, 16]
current time = 1
residual life    =  [14, 11, 13, 10, 9, 19, 19, 8, 9, 7]
converge at iter_ = 3
x                =  [0.0, 0.0, 0.0, 0.0, 0.0, 0.0, 0.0, 0.0, 0.0, 0.0]
current time = 2
residual life    =  [14, 14, 9, 9, 12, 16, 14, 7, 7, 8]
converge at iter_ = 9
x                =  [0.0, 0.0, 0.0, 0.0, 0.0, 0.0, 0.0, 0.0, 0.0, 0.002]
current time = 3
residual life    =  [19, 10, 8, 13, 10, 10, 13, 6, 8, 5]
converge at iter_ = 9
x                =  [0.0, 0.0, 0.0, 0.0, 0.0, 0.0, 0.0, 0.006, 0.007, 0.012]
current time = 4
residual life    =  [13, 9, 12, 10, 6, 9, 12, 7, 5, 4]
converge at iter_ = 9
x                =  [0.0, 0.0, 0.002, 0.005, 0.008, 0.0, 0.0, 0.014, 0.013000000000000001, 0.018000000000000002]
current time = 5
residual life    =  [12, 12, 10, 6, 5, 8, 13, 4, 4, 6]
converge at iter_ = 9
x                =  [0.0, 0.0, 0.009000000000000001, 0.01, 0.014, 0.007, 0.0, 0.021, 0.019, 0.035]
current time = 6
residual life    =  [19, 10, 5, 5, 4, 9, 9, 3, 6, 3]
converge at iter_ = 9
x                =  [0.007, 0.019, 0.039, 0.064, 0.133, 0.03, 0.003, 0.152, 0.135, 0.192]
current time = 7
residual life    =  [15, 6, 5, 4, 4, 5, 9, 5, 3, 3]
converge at iter_ = 9
x                =  [0.004, 0.025, 0.042, 0.052000000000000005, 0.073, 0.026000000000000002, 0.009000000000000001, 0.08, 0.078, 0.123]
current time = 8
residual life    =  [9, 5, 4, 4, 2, 5, 11, 2, 3, 1]
converge at iter_ = 9
x                =  [0.008, 0.033, 0.062, 0.076, 0.121, 0.036000000000000004, 0.008, 0.145, 0.132, 0.181]
current time = 9
residual life    =  [9, 4, 4, 2, 1, 7, 8, 2, 1, 4]
converge at iter_ = 9
x                =  [0.041, 0.152, 0.218, 0.229, 0.322, 0.129, 0.042, 0.332, 0.307, 0.39]
current time = 10
residual life    =  [8, 4, 2, 2, 2, 4, 7, 1, 4, 1]
converge at iter_ = 9
x                =  [0.177, 0.898, 0.9440000000000001, 0.9510000000000001, 0.97, 0.6930000000000001, 0.54, 0.969, 0.961, 0.972]
current time = 11
residual life    =  [8, 12, 11, 13, 10, 15, 16, 13, 10, 10]
converge at iter_ = 9
x                =  [0.015, 0.0, 0.0, 0.0, 0.0, 0.0, 0.0, 0.0, 0.0, 0.0]
current time = 12
residual life    =  [5, 11, 12, 10, 10, 11, 20, 9, 10, 5]
converge at iter_ = 9
x                =  [0.021, 0.0, 0.0, 0.0, 0.0, 0.0, 0.0, 0.0, 0.0, 0.0]
current time = 13
residual life    =  [4, 13, 10, 10, 7, 17, 15, 9, 5, 8]
converge at iter_ = 9
x                =  [0.033, 0.0, 0.0, 0.0, 0.0, 0.0, 0.0, 0.0, 0.0, 0.002]
current time = 14
residual life    =  [7, 10, 9, 7, 10, 11, 15, 4, 8, 5]
converge at iter_ = 9
x                =  [0.044, 0.0, 0.0, 0.0, 0.0, 0.0, 0.0, 0.006, 0.007, 0.012]
current time = 15
residual life    =  [4, 10, 7, 11, 6, 12, 9, 6, 6, 8]
converge at iter_ = 9
x                =  [0.06, 0.0, 0.002, 0.005, 0.008, 0.0, 0.0, 0.013000000000000001, 0.013000000000000001, 0.018000000000000002]
current time = 16
residual life    =  [4, 7, 10, 7, 6, 5, 13, 4, 8, 4]
converge at iter_ = 9
x                =  [0.08, 0.0, 0.009000000000000001, 0.01, 0.013000000000000001, 0.007, 0.0, 0.025, 0.019, 0.038]
current time = 17
residual life    =  [2, 11, 6, 7, 2, 9, 10, 7, 4, 4]
converge at iter_ = 9
x                =  [0.28500000000000003, 0.048, 0.106, 0.123, 0.214, 0.053, 0.012, 0.227, 0.209, 0.267]
current time = 18
residual life    =  [6, 7, 6, 2, 4, 6, 13, 3, 5, 0]
converge at iter_ = 9
x                =  [1.0, 0.992, 0.992, 0.99, 1.0, 0.876, 0.607, 1.0, 1.0, 1.0]
current time = 19
residual life    =  [19, 15, 8, 12, 10, 18, 17, 11, 5, 8]
converge at iter_ = 1
x                =  [0.0, 0.0, 0.0, 0.0, 0.0, 0.0, 0.0, 0.0, 0.0, 0.0]
current time = 20
residual life    =  [19, 9, 11, 10, 12, 13, 17, 4, 8, 5]
converge at iter_ = 1
x                =  [0.0, 0.0, 0.0, 0.0, 0.0, 0.0, 0.0, 0.0, 0.0, 0.0]
groupResult = 
[0, 0, 0, 0, 0, 0, 0, 0, 0, 0, 0, 0, 0, 0, 0, 0, 0, 0, 1, 0, 0]
[0, 0, 0, 0, 0, 0, 0, 0, 0, 0, 1, 0, 0, 0, 0, 0, 0, 0, 1, 0, 0]
[0, 0, 0, 0, 0, 0, 0, 0, 0, 0, 1, 0, 0, 0, 0, 0, 0, 0, 1, 0, 0]
[0, 0, 0, 0, 0, 0, 0, 0, 0, 0, 1, 0, 0, 0, 0, 0, 0, 0, 1, 0, 0]
[0, 0, 0, 0, 0, 0, 0, 0, 0, 0, 1, 0, 0, 0, 0, 0, 0, 0, 1, 0, 0]
[0, 0, 0, 0, 0, 0, 0, 0, 0, 0, 1, 0, 0, 0, 0, 0, 0, 0, 1, 0, 0]
[0, 0, 0, 0, 0, 0, 0, 0, 0, 0, 1, 0, 0, 0, 0, 0, 0, 0, 1, 0, 0]
[0, 0, 0, 0, 0, 0, 0, 0, 0, 0, 1, 0, 0, 0, 0, 0, 0, 0, 1, 0, 0]
[0, 0, 0, 0, 0, 0, 0, 0, 0, 0, 1, 0, 0, 0, 0, 0, 0, 0, 1, 0, 0]
[0, 0, 0, 0, 0, 0, 0, 0, 0, 0, 1, 0, 0, 0, 0, 0, 0, 0, 2, 0, 0]
cost             = 40
cost[1] = 40
time             = 49599
cost
[40.0]
average cost
40.0
=============================================
