#pLT is two-dimensional [i,r]=[component, individual]
#[i,*] means all data in row i.

param pLT := 
[1,*]
1  0    2  6    3  5    4  7    5  7    6  7    7  7    8  8    9  6    10 8    
11 3    12 4    13 5    14 6    15 7    16 8    17 7    18 4    19 5    20 6    
21 9    22 7    23 4    24 5    25 7    26 6    27 4    28 6    29 8    30 6    
31 8    32 4    

[2,*]
1  1    2  3    3  4    4  4    5  4    6  4    7  4    8  3    9  4    10 2    
11 2    12 3    13 3    14 4    15 4    16 4    17 2    18 3    19 4    20 5    
21 4    22 3    23 3    24 4    25 3    26 2    27 3    28 4    29 3    30 4    
31 2    32 3    

[3,*]
1  1    2  3    3  3    4  3    5  3    6  3    7  2    8  3    9  1    10 1    
11 2    12 2    13 3    14 3    15 3    16 1    17 2    18 3    19 3    20 3    
21 2    22 2    23 3    24 2    25 2    26 2    27 3    28 2    29 3    30 1    
31 2    32 2    

[4,*]
1  1    2  3    3  2    4  2    5  3    6  2    7  3    8  1    9  1    10 1    
11 2    12 3    13 3    14 3    15 1    16 2    17 2    18 3    19 3    20 1    
21 2    22 3    23 2    24 1    25 2    26 3    27 2    28 3    29 1    30 1    
31 2    32 3    

[5,*]
1  1    2  2    3  1    4  2    5  1    6  2    7  1    8  1    9  1    10 1    
11 2    12 2    13 2    14 1    15 1    16 1    17 2    18 2    19 1    20 1    
21 2    22 1    23 1    24 1    25 2    26 1    27 2    28 1    29 1    30 1    
31 2    32 1    

[6,*]
1  2    2  4    3  5    4  4    5  5    6  2    7  2    8  3    9  3    10 4    
11 5    12 4    13 2    14 3    15 4    16 5    17 4    18 2    19 3    20 4    
21 3    22 2    23 4    24 5    25 4    26 5    27 2    28 2    29 4    30 5    
31 2    32 4    

[7,*]
1  4    2  7    3  5    4  7    5  3    6  3    7  4    8  5    9  6    10 7    
11 6    12 4    13 4    14 6    15 7    16 6    17 4    18 5    19 6    20 5    
21 4    22 6    23 7    24 6    25 7    26 3    27 4    28 5    29 7    30 4    
31 5    32 6    

[8,*]
1  1    2  1    3  2    4  1    5  1    6  1    7  1    8  2    9  2    10 1    
11 1    12 1    13 1    14 2    15 2    16 1    17 1    18 2    19 1    20 1    
21 1    22 2    23 1    24 2    25 1    26 1    27 1    28 2    29 1    30 1    
31 1    32 1    
;