=============Heuristic=====================
==============scale, d, ccr==================
==================LLH========================
[1, 8] 5 [17, 27]
current time = 1
residual life    =  [6, 3, 2, 2, 1, 1, 5, 1, 1, 0]
converge at iter_ = 8
x                =  [1.0, 1.0, 1.0, 1.0, 1.0, 1.0, 1.0, 1.0, 1.0, 1.0]
current time = 2
residual life    =  [7, 4, 3, 3, 1, 5, 6, 2, 2, 1]
converge at iter_ = 9
x                =  [0.067, 0.499, 0.51, 0.533, 0.609, 0.488, 0.099, 0.632, 0.615, 0.879]
current time = 3
residual life    =  [6, 3, 4, 2, 2, 3, 6, 2, 1, 1]
converge at iter_ = 9
x                =  [0.561, 0.6960000000000001, 0.6910000000000001, 0.7020000000000001, 0.739, 0.679, 0.5630000000000001, 0.793, 0.772, 0.905]
current time = 4
residual life    =  [8, 5, 2, 3, 2, 5, 6, 1, 2, 1]
converge at iter_ = 9
x                =  [0.07200000000000001, 0.481, 0.486, 0.512, 0.616, 0.47700000000000004, 0.116, 0.627, 0.606, 0.89]
current time = 5
residual life    =  [7, 2, 2, 3, 2, 3, 4, 2, 1, 1]
converge at iter_ = 9
x                =  [0.863, 0.877, 0.896, 0.88, 0.907, 0.868, 0.854, 0.911, 0.904, 0.933]
current time = 6
residual life    =  [4, 4, 3, 3, 2, 3, 7, 1, 1, 1]
converge at iter_ = 9
x                =  [0.061, 0.457, 0.468, 0.494, 0.5760000000000001, 0.454, 0.105, 0.604, 0.587, 0.878]
current time = 7
residual life    =  [6, 3, 3, 1, 1, 4, 3, 1, 2, 1]
converge at iter_ = 9
x                =  [0.9580000000000001, 0.9580000000000001, 0.9580000000000001, 0.9580000000000001, 0.9580000000000001, 0.9580000000000001, 0.9580000000000001, 0.9580000000000001, 0.9580000000000001, 0.9580000000000001]
current time = 8
residual life    =  [7, 5, 3, 2, 2, 2, 4, 2, 2, 1]
converge at iter_ = 9
x                =  [0.058, 0.456, 0.466, 0.491, 0.5640000000000001, 0.446, 0.096, 0.586, 0.562, 0.868]
current time = 9
residual life    =  [7, 3, 1, 2, 1, 2, 4, 2, 2, 1]
converge at iter_ = 9
x                =  [0.9580000000000001, 0.9580000000000001, 0.9580000000000001, 0.9580000000000001, 0.9580000000000001, 0.9580000000000001, 0.9580000000000001, 0.9580000000000001, 0.9580000000000001, 0.9580000000000001]
current time = 10
residual life    =  [6, 3, 4, 2, 1, 4, 6, 1, 2, 2]
converge at iter_ = 9
x                =  [0.064, 0.466, 0.47300000000000003, 0.501, 0.5740000000000001, 0.465, 0.1, 0.596, 0.5750000000000001, 0.849]
current time = 11
residual life    =  [4, 4, 1, 2, 2, 4, 4, 2, 2, 1]
converge at iter_ = 9
x                =  [0.876, 0.889, 0.901, 0.891, 0.914, 0.881, 0.873, 0.919, 0.906, 0.927]
current time = 12
residual life    =  [8, 3, 2, 2, 2, 4, 6, 2, 2, 1]
converge at iter_ = 9
x                =  [0.062, 0.404, 0.40700000000000003, 0.423, 0.51, 0.324, 0.10300000000000001, 0.521, 0.505, 0.8320000000000001]
current time = 13
residual life    =  [3, 2, 2, 2, 2, 3, 6, 2, 2, 2]
converge at iter_ = 9
x                =  [0.9580000000000001, 0.9580000000000001, 0.9580000000000001, 0.9580000000000001, 0.9580000000000001, 0.9580000000000001, 0.9580000000000001, 0.9580000000000001, 0.9580000000000001, 0.9580000000000001]
current time = 14
residual life    =  [5, 4, 3, 2, 2, 5, 6, 2, 3, 2]
converge at iter_ = 9
x                =  [0.033, 0.229, 0.355, 0.335, 0.427, 0.226, 0.066, 0.437, 0.41100000000000003, 0.6990000000000001]
current time = 15
residual life    =  [5, 3, 2, 1, 1, 3, 5, 2, 1, 1]
converge at iter_ = 8
x                =  [1.0, 1.0, 1.0, 1.0, 1.0, 1.0, 1.0, 1.0, 1.0, 1.0]
current time = 16
residual life    =  [7, 3, 3, 3, 2, 4, 8, 2, 2, 1]
converge at iter_ = 9
x                =  [0.006, 0.036000000000000004, 0.194, 0.199, 0.317, 0.024, 0.008, 0.327, 0.313, 0.628]
current time = 17
residual life    =  [5, 3, 3, 2, 1, 5, 6, 1, 1, 1]
converge at iter_ = 8
x                =  [1.0, 1.0, 1.0, 1.0, 1.0, 1.0, 1.0, 1.0, 1.0, 1.0]
current time = 18
residual life    =  [6, 5, 3, 3, 3, 6, 6, 2, 2, 1]
converge at iter_ = 9
x                =  [0.0, 0.0, 0.0, 0.0, 0.0, 0.0, 0.0, 0.002, 0.002, 0.017]
current time = 19
residual life    =  [7, 3, 2, 3, 1, 3, 5, 1, 1, 0]
converge at iter_ = 9
x                =  [1.0, 1.0, 1.0, 1.0, 1.0, 1.0, 1.0, 1.0, 1.0, 1.0]
current time = 20
residual life    =  [7, 4, 4, 3, 2, 4, 6, 2, 2, 1]
converge at iter_ = 9
x                =  [0.0, 0.0, 0.0, 0.0, 0.0, 0.0, 0.0, 0.002, 0.002, 0.017]
groupResult = 
[0, 1, 0, 1, 0, 1, 0, 1, 0, 1, 0, 1, 0, 1, 0, 1, 0, 1, 0, 1, 0]
[0, 1, 0, 1, 0, 1, 0, 1, 0, 1, 0, 1, 0, 1, 0, 1, 0, 1, 0, 1, 0]
[0, 1, 1, 1, 0, 1, 0, 1, 0, 1, 0, 1, 0, 1, 0, 1, 0, 1, 0, 1, 0]
[0, 1, 1, 1, 1, 1, 0, 1, 0, 1, 1, 1, 0, 1, 0, 1, 0, 1, 0, 1, 0]
[0, 1, 1, 1, 1, 1, 1, 1, 1, 1, 1, 1, 1, 1, 0, 1, 0, 1, 0, 1, 0]
[0, 1, 0, 1, 0, 1, 0, 1, 0, 1, 0, 1, 0, 1, 0, 1, 0, 1, 0, 1, 0]
[0, 1, 0, 1, 0, 1, 0, 1, 0, 1, 0, 1, 0, 1, 0, 1, 0, 1, 0, 1, 0]
[0, 1, 1, 1, 1, 1, 1, 1, 1, 1, 1, 1, 1, 1, 0, 1, 0, 1, 0, 1, 0]
[0, 1, 1, 1, 1, 1, 1, 1, 1, 1, 1, 1, 1, 1, 0, 1, 0, 1, 0, 1, 0]
[0, 2, 1, 1, 1, 1, 1, 1, 1, 1, 1, 1, 1, 1, 1, 1, 1, 1, 0, 2, 0]
cost             = 264
cost[1] = 264
time             = 475448
cost
[264.0]
average cost
264.0
=============================================
