#Total component number
param pI := 8;

#Time horizon
param pT := 30;

#Number of Scenarios
param NUMSCEN := 100;

#Probablity of each Scenario. Equally distributed
param prob := 0.01;

#Extended time horizon
param pT_ex := 70;

#Starting time
param ps := 2;

#Number of individuals. R=T+2
param pR := 32;

#Setup cost
param pd := 5;

param pCPR := 
1 1
2 1
3 1
4 1
5 1
6 1
7 1
8 1
;

param pCCR := 
1 11.4
2 9.1
3 8.0
4 11.1
5 14.2
6 7.4
7 9.8
8 14.6
;

param pKesi := 
1 1
2 0
3 0
4 0
5 0
6 0
7 0
8 0
;

param w_shape := 
1 5.7
2 6.7
3 5.6
4 5.4
5 5.5
6 4.9
7 6.7
8 4.8
;

param w_scale := 
1 7.3
2 4.2
3 3.2
4 2.9
5 2.0
6 4.6
7 6.4
8 1.9
;

param x := 
1 1
2 0
3 0
4 0
5 0
6 0
7 0
8 0
;

#pLT is two-dimensional [i,r]=[component, individual]
#[i,*] means all data in row i.

param pLT := 
[1,*]
1  0    2  6    3  7    4  8    5  4    6  7    7  6    8  8    9  6    10 4    
11 8    12 4    13 4    14 6    15 7    16 5    17 6    18 8    19 6    20 6    
21 9    22 8    23 6    24 6    25 6    26 7    27 6    28 6    29 7    30 6    
31 7    32 6    

[2,*]
1  2    2  4    3  4    4  2    5  4    6  3    7  4    8  3    9  2    10 4    
11 2    12 2    13 3    14 4    15 3    16 3    17 4    18 3    19 3    20 5    
21 4    22 3    23 3    24 3    25 4    26 3    27 3    28 4    29 4    30 4    
31 3    32 5    

[3,*]
1  1    2  3    3  1    4  3    5  2    6  3    7  2    8  2    9  3    10 1    
11 2    12 2    13 3    14 2    15 2    16 3    17 2    18 2    19 4    20 3    
21 2    22 2    23 2    24 3    25 2    26 2    27 3    28 3    29 3    30 2    
31 3    32 3    

[4,*]
1  1    2  1    3  2    4  2    5  3    6  2    7  1    8  3    9  1    10 1    
11 2    12 2    13 2    14 2    15 3    16 2    17 2    18 3    19 3    20 2    
21 2    22 2    23 2    24 2    25 2    26 3    27 2    28 2    29 2    30 3    
31 2    32 3    

[5,*]
1  1    2  2    3  1    4  2    5  1    6  1    7  2    8  1    9  1    10 1    
11 1    12 1    13 1    14 2    15 1    16 1    17 2    18 2    19 1    20 1    
21 1    22 2    23 1    24 1    25 2    26 1    27 1    28 1    29 2    30 1    
31 2    32 1    

[6,*]
1  2    2  4    3  5    4  3    5  2    6  5    7  2    8  2    9  3    10 4    
11 3    12 3    13 5    14 4    15 4    16 6    17 5    18 4    19 4    20 4    
21 4    22 3    23 3    24 5    25 4    26 4    27 3    28 5    29 4    30 4    
31 2    32 4    

[7,*]
1  4    2  6    3  5    4  4    5  6    6  3    7  4    8  5    9  6    10 5    
11 5    12 7    13 5    14 5    15 7    16 7    17 5    18 5    19 5    20 6    
21 5    22 5    23 6    24 6    25 6    26 5    27 7    28 6    29 6    30 4    
31 6    32 5    

[8,*]
1  1    2  1    3  1    4  2    5  1    6  1    7  1    8  1    9  1    10 1    
11 2    12 1    13 1    14 2    15 2    16 1    17 1    18 1    19 1    20 1    
21 1    22 2    23 1    24 1    25 1    26 2    27 1    28 2    29 1    30 1    
31 1    32 2    
;