=============Heuristic=====================
==============scale, d, ccr==================
[1, 8] 100 [17, 27]
current time = 1
residual life    =  [3, 3, 2, 2, 1, 4, 6, 1, 1, 0]
converge at iter_ = 8
x                =  [1.0, 1.0, 1.0, 1.0, 1.0, 1.0, 1.0, 1.0, 1.0, 1.0]
current time = 2
residual life    =  [8, 4, 3, 2, 2, 5, 6, 2, 2, 1]
converge at iter_ = 9
x                =  [0.034000000000000002, 0.55000000000000004, 0.63, 0.64800000000000002, 0.70699999999999996, 0.41000000000000003, 0.065000000000000002, 0.72899999999999998, 0.71199999999999997, 0.88]
current time = 3
residual life    =  [7, 4, 2, 3, 2, 3, 5, 2, 2, 1]
converge at iter_ = 9
x                =  [0.52300000000000002, 0.60499999999999998, 0.64000000000000001, 0.65300000000000002, 0.70399999999999996, 0.622, 0.53100000000000003, 0.70799999999999996, 0.71099999999999997, 0.88500000000000001]
current time = 4
residual life    =  [6, 3, 3, 3, 2, 4, 6, 2, 2, 2]
converge at iter_ = 9
x                =  [0.053999999999999999, 0.46800000000000003, 0.60099999999999998, 0.623, 0.68500000000000005, 0.41600000000000004, 0.105, 0.71599999999999997, 0.70999999999999996, 0.85899999999999999]
current time = 5
residual life    =  [5, 3, 3, 3, 2, 3, 5, 2, 2, 1]
converge at iter_ = 9
x                =  [0.54900000000000004, 0.69200000000000006, 0.69000000000000006, 0.70300000000000007, 0.753, 0.67400000000000004, 0.55500000000000005, 0.755, 0.752, 0.878]
current time = 6
residual life    =  [7, 4, 3, 3, 2, 4, 7, 2, 1, 1]
converge at iter_ = 9
x                =  [0.064000000000000001, 0.47300000000000003, 0.58799999999999997, 0.60599999999999998, 0.65400000000000003, 0.49199999999999999, 0.10400000000000001, 0.67000000000000004, 0.69300000000000006, 0.82800000000000007]
current time = 7
residual life    =  [7, 3, 3, 3, 2, 4, 6, 1, 2, 1]
converge at iter_ = 9
x                =  [0.26000000000000001, 0.60799999999999998, 0.61299999999999999, 0.61399999999999999, 0.66400000000000003, 0.57799999999999996, 0.45100000000000001, 0.69300000000000006, 0.68600000000000005, 0.79900000000000004]
current time = 8
residual life    =  [5, 4, 3, 3, 2, 5, 2, 2, 2, 1]
converge at iter_ = 9
x                =  [0.42699999999999999, 0.44800000000000001, 0.45500000000000002, 0.45900000000000002, 0.501, 0.42999999999999999, 0.42799999999999999, 0.52500000000000002, 0.505, 0.68700000000000006]
current time = 9
residual life    =  [4, 3, 2, 2, 2, 1, 3, 2, 2, 1]
converge at iter_ = 9
x                =  [0.96099999999999997, 0.96099999999999997, 0.96199999999999997, 0.96199999999999997, 0.96199999999999997, 0.96099999999999997, 0.96199999999999997, 0.96199999999999997, 0.96199999999999997, 0.96199999999999997]
current time = 10
residual life    =  [7, 4, 3, 3, 1, 5, 6, 2, 2, 1]
converge at iter_ = 9
x                =  [0.034000000000000002, 0.27000000000000002, 0.36199999999999999, 0.376, 0.41100000000000003, 0.28200000000000003, 0.066000000000000003, 0.41500000000000004, 0.41600000000000004, 0.53300000000000003]
current time = 11
residual life    =  [6, 3, 3, 1, 1, 3, 6, 1, 0, 1]
converge at iter_ = 8
x                =  [1.0, 1.0, 1.0, 1.0, 1.0, 1.0, 1.0, 1.0, 1.0, 1.0]
current time = 12
residual life    =  [8, 5, 2, 3, 2, 5, 6, 1, 2, 1]
converge at iter_ = 9
x                =  [0.0030000000000000001, 0.096000000000000002, 0.20899999999999999, 0.22600000000000001, 0.33600000000000002, 0.081000000000000003, 0.014, 0.34700000000000003, 0.33800000000000002, 0.39400000000000002]
current time = 13
residual life    =  [7, 2, 2, 2, 1, 3, 4, 1, 0, 0]
converge at iter_ = 8
x                =  [1.0, 1.0, 1.0, 1.0, 1.0, 1.0, 1.0, 1.0, 1.0, 1.0]
current time = 14
residual life    =  [4, 4, 3, 3, 2, 3, 7, 1, 1, 1]
converge at iter_ = 9
x                =  [0.0, 0.0, 0.0, 0.0, 0.0, 0.0, 0.0, 0.002, 0.002, 0.017000000000000001]
current time = 15
residual life    =  [6, 3, 3, 1, 0, 4, 3, 0, 1, 0]
converge at iter_ = 8
x                =  [1.0, 1.0, 1.0, 1.0, 1.0, 1.0, 1.0, 1.0, 1.0, 1.0]
current time = 16
residual life    =  [7, 5, 3, 2, 2, 2, 4, 2, 2, 1]
converge at iter_ = 9
x                =  [0.0, 0.0, 0.0, 0.0, 0.0, 0.0, 0.0, 0.002, 0.002, 0.017000000000000001]
current time = 17
residual life    =  [7, 3, 1, 2, 0, 2, 4, 1, 1, 0]
converge at iter_ = 8
x                =  [1.0, 1.0, 1.0, 1.0, 1.0, 1.0, 1.0, 1.0, 1.0, 1.0]
current time = 18
residual life    =  [6, 3, 4, 2, 1, 4, 6, 1, 2, 2]
converge at iter_ = 9
x                =  [0.0, 0.0, 0.0, 0.0, 0.0, 0.0, 0.0, 0.002, 0.002, 0.017000000000000001]
current time = 19
residual life    =  [4, 4, 1, 1, 1, 4, 4, 1, 1, 0]
converge at iter_ = 9
x                =  [1.0, 1.0, 1.0, 1.0, 1.0, 1.0, 1.0, 1.0, 1.0, 1.0]
current time = 20
residual life    =  [8, 3, 2, 2, 2, 4, 6, 2, 2, 1]
converge at iter_ = 9
x                =  [0.0, 0.0, 0.0, 0.0, 0.0, 0.0, 0.0, 0.002, 0.002, 0.017000000000000001]
groupResult = 
[0, 1, 0, 1, 0, 1, 0, 0, 0, 1, 0, 1, 0, 1, 0, 1, 0, 1, 0, 1, 0]
[0, 1, 1, 1, 0, 1, 0, 1, 0, 1, 0, 1, 0, 1, 0, 1, 0, 1, 0, 1, 0]
[0, 1, 1, 1, 1, 1, 1, 1, 0, 1, 0, 1, 0, 1, 0, 1, 0, 1, 0, 1, 0]
[0, 1, 1, 1, 1, 1, 1, 1, 0, 1, 0, 1, 0, 1, 0, 1, 0, 1, 0, 1, 0]
[0, 1, 1, 1, 1, 1, 1, 1, 1, 1, 0, 1, 0, 1, 0, 2, 0, 2, 0, 1, 0]
[0, 1, 0, 1, 0, 1, 0, 1, 0, 1, 0, 1, 0, 1, 0, 1, 0, 1, 0, 1, 0]
[0, 1, 0, 1, 0, 1, 0, 0, 0, 1, 0, 1, 0, 1, 0, 1, 0, 1, 0, 1, 0]
[0, 1, 1, 1, 1, 1, 1, 1, 1, 1, 0, 1, 0, 1, 0, 2, 0, 1, 0, 1, 0]
[0, 1, 1, 1, 1, 1, 1, 1, 1, 1, 0, 2, 0, 2, 0, 1, 0, 1, 0, 1, 0]
[0, 2, 1, 1, 1, 1, 1, 1, 1, 1, 1, 1, 0, 2, 0, 2, 0, 2, 0, 2, 0]
cost             = 1854
cost[1] = 1854
current time = 1
residual life    =  [5, 2, 2, 2, 1, 3, 5, 1, 1, 1]
converge at iter_ = 9
x                =  [1.0, 1.0, 1.0, 1.0, 1.0, 1.0, 1.0, 1.0, 1.0, 1.0]
current time = 2
residual life    =  [6, 4, 3, 3, 2, 4, 6, 2, 2, 1]
converge at iter_ = 9
x                =  [0.034000000000000002, 0.55000000000000004, 0.63, 0.64800000000000002, 0.70699999999999996, 0.41000000000000003, 0.065000000000000002, 0.72899999999999998, 0.71199999999999997, 0.88]
current time = 3
residual life    =  [6, 4, 3, 3, 2, 3, 6, 2, 1, 1]
converge at iter_ = 9
x                =  [0.52300000000000002, 0.60499999999999998, 0.64000000000000001, 0.65300000000000002, 0.70399999999999996, 0.622, 0.53100000000000003, 0.70799999999999996, 0.71099999999999997, 0.88500000000000001]
current time = 4
residual life    =  [8, 4, 3, 3, 2, 5, 7, 1, 2, 1]
converge at iter_ = 9
x                =  [0.053999999999999999, 0.46800000000000003, 0.60099999999999998, 0.623, 0.68500000000000005, 0.41600000000000004, 0.105, 0.71599999999999997, 0.70999999999999996, 0.85899999999999999]
current time = 5
residual life    =  [6, 3, 3, 3, 2, 4, 3, 2, 2, 1]
converge at iter_ = 9
x                =  [0.54900000000000004, 0.69200000000000006, 0.69000000000000006, 0.70300000000000007, 0.753, 0.67400000000000004, 0.55500000000000005, 0.755, 0.752, 0.878]
current time = 6
residual life    =  [7, 4, 3, 3, 2, 2, 6, 2, 2, 1]
converge at iter_ = 9
x                =  [0.064000000000000001, 0.47300000000000003, 0.58799999999999997, 0.60599999999999998, 0.65400000000000003, 0.49199999999999999, 0.10400000000000001, 0.67000000000000004, 0.69300000000000006, 0.82800000000000007]
current time = 7
residual life    =  [6, 3, 3, 3, 1, 4, 5, 2, 2, 1]
converge at iter_ = 9
x                =  [0.26000000000000001, 0.60799999999999998, 0.61299999999999999, 0.61399999999999999, 0.66400000000000003, 0.57799999999999996, 0.45100000000000001, 0.69300000000000006, 0.68600000000000005, 0.79900000000000004]
current time = 8
residual life    =  [5, 4, 4, 2, 2, 4, 5, 2, 1, 1]
converge at iter_ = 9
x                =  [0.42699999999999999, 0.44800000000000001, 0.45500000000000002, 0.45900000000000002, 0.501, 0.42999999999999999, 0.42799999999999999, 0.52500000000000002, 0.505, 0.68700000000000006]
current time = 9
residual life    =  [5, 4, 1, 2, 2, 4, 3, 1, 2, 1]
converge at iter_ = 9
x                =  [0.96099999999999997, 0.96099999999999997, 0.96199999999999997, 0.96199999999999997, 0.96199999999999997, 0.96099999999999997, 0.96199999999999997, 0.96199999999999997, 0.96199999999999997, 0.96199999999999997]
current time = 10
residual life    =  [8, 3, 3, 3, 2, 4, 5, 2, 1, 1]
c