================(1,4,10,50)=============
iter_=0,scen=1
x= [1, 1, 1, 1]
iter_=0,scen=2
x= [1, 1, 1, 1]
iter_=0,scen=3
x= [1, 1, 1, 1]
iter_=0,scen=4
x= [1, 0, 1, 1]
iter_=0,scen=5
x= [1, 1, 1, 1]
iter_=0,scen=6
x= [1, 1, 1, 1]
iter_=0,scen=7
x= [1, 1, 1, 1]
iter_=0,scen=8
x= [1, 1, 1, 1]
iter_=0,scen=9
x= [1, 1, 1, 1]
iter_=0,scen=10
x= [1, 0, 1, 1]
iter_=0,scen=11
x= [1, 0, 1, 1]
iter_=0,scen=12
x= [1, 1, 1, 1]
iter_=0,scen=13
x= [1, 1, 1, 1]
iter_=0,scen=14
x= [1, 1, 1, 1]
iter_=0,scen=15
x= [1, 0, 1, 1]
iter_=0,scen=16
x= [1, 1, 1, 1]
iter_=0,scen=17
x= [1, 1, 1, 1]
iter_=0,scen=18
x= [1, 0, 1, 1]
iter_=0,scen=19
x= [1, 1, 1, 1]
iter_=0,scen=20
x= [1, 1, 1, 1]
iter_=0,scen=21
x= [1, 1, 1, 1]
iter_=0,scen=22
x= [1, 0, 1, 1]
iter_=0,scen=23
x= [1, 1, 1, 1]
iter_=0,scen=24
x= [1, 1, 1, 1]
iter_=0,scen=25
x= [1, 1, 1, 1]
iter_=0,scen=26
x= [1, 1, 1, 1]
iter_=0,scen=27
x= [1, 1, 0, 1]
iter_=0,scen=28
x= [1, 0, 1, 1]
iter_=0,scen=29
x= [1, 1, 1, 1]
iter_=0,scen=30
x= [1, 1, 1, 1]
iter_=0,scen=31
x= [1, 1, 1, 1]
iter_=0,scen=32
x= [1, 1, 1, 1]
iter_=0,scen=33
x= [1, 0, 1, 1]
iter_=0,scen=34
x= [1, 1, 1, 1]
iter_=0,scen=35
x= [1, 1, 1, 1]
iter_=0,scen=36
x= [1, 1, 1, 1]
iter_=0,scen=37
x= [1, 1, 1, 1]
iter_=0,scen=38
x= [1, 1, 1, 1]
iter_=0,scen=39
x= [1, 1, 1, 1]
iter_=0,scen=40
x= [1, 0, 1, 1]
iter_=0,scen=41
x= [1, 1, 1, 1]
iter_=0,scen=42
x= [1, 0, 1, 1]
iter_=0,scen=43
x= [1, 1, 1, 1]
iter_=0,scen=44
x= [1, 0, 1, 1]
iter_=0,scen=45
x= [1, 1, 1, 1]
iter_=0,scen=46
x= [1, 0, 1, 1]
iter_=0,scen=47
x= [1, 1, 1, 1]
iter_=0,scen=48
x= [1, 1, 1, 1]
iter_=0,scen=49
x= [1, 1, 1, 1]
iter_=0,scen=50
x= [1, 1, 1, 1]
x_array = 
[[1 1 1 1]
 [1 1 1 1]
 [1 1 1 1]
 [1 0 1 1]
 [1 1 1 1]
 [1 1 1 1]
 [1 1 1 1]
 [1 1 1 1]
 [1 1 1 1]
 [1 0 1 1]
 [1 0 1 1]
 [1 1 1 1]
 [1 1 1 1]
 [1 1 1 1]
 [1 0 1 1]
 [1 1 1 1]
 [1 1 1 1]
 [1 0 1 1]
 [1 1 1 1]
 [1 1 1 1]
 [1 1 1 1]
 [1 0 1 1]
 [1 1 1 1]
 [1 1 1 1]
 [1 1 1 1]
 [1 1 1 1]
 [1 1 0 1]
 [1 0 1 1]
 [1 1 1 1]
 [1 1 1 1]
 [1 1 1 1]
 [1 1 1 1]
 [1 0 1 1]
 [1 1 1 1]
 [1 1 1 1]
 [1 1 1 1]
 [1 1 1 1]
 [1 1 1 1]
 [1 1 1 1]
 [1 0 1 1]
 [1 1 1 1]
 [1 0 1 1]
 [1 1 1 1]
 [1 0 1 1]
 [1 1 1 1]
 [1 0 1 1]
 [1 1 1 1]
 [1 1 1 1]
 [1 1 1 1]
 [1 1 1 1]]
x_agr = 
[ 1.    0.76  0.98  1.  ]
average cost= 100.262000
iter_=1,scen=1
x= [1, 1, 1, 1]
iter_=1,scen=2
x= [1, 1, 1, 1]
iter_=1,scen=3
x= [1, 1, 1, 1]
iter_=1,scen=4
x= [1, 1, 1, 1]
iter_=1,scen=5
x= [1, 1, 1, 1]
iter_=1,scen=6
x= [1, 1, 1, 1]
iter_=1,scen=7
x= [1, 1, 1, 1]
iter_=1,scen=8
x= [1, 1, 1, 1]
iter_=1,scen=9
x= [1, 1, 1, 1]
iter_=1,scen=10
x= [1, 1, 1, 1]
iter_=1,scen=11
x= [1, 1, 1, 1]
iter_=1,scen=12
x= [1, 1, 1, 1]
iter_=1,scen=13
x= [1, 1, 1, 1]
iter_=1,scen=14
x= [1, 1, 1, 1]
iter_=1,scen=15
x= [1, 1, 1, 1]
iter_=1,scen=16
x= [1, 1, 1, 1]
iter_=1,scen=17
x= [1, 1, 1, 1]
iter_=1,scen=18
x= [1, 1, 1, 1]
iter_=1,scen=19
x= [1, 1, 1, 1]
iter_=1,scen=20
x= [1, 1, 1, 1]
iter_=1,scen=21
x= [1, 1, 1, 1]
iter_=1,scen=22
x= [1, 1, 1, 1]
iter_=1,scen=23
x= [1, 1, 1, 1]
iter_=1,scen=24
x= [1, 1, 1, 1]
iter_=1,scen=25
x= [1, 1, 1, 1]
iter_=1,scen=26
x= [1, 1, 1, 1]
iter_=1,scen=27
x= [1, 1, 1, 1]
iter_=1,scen=28
x= [1, 1, 1, 1]
iter_=1,scen=29
x= [1, 1, 1, 1]
iter_=1,scen=30
x= [1, 1, 1, 1]
iter_=1,scen=31
x= [1, 1, 1, 1]
iter_=1,scen=32
x= [1, 1, 1, 1]
iter_=1,scen=33
x= [1, 1, 1, 1]
iter_=1,scen=34
x= [1, 1, 1, 1]
iter_=1,scen=35
x= [1, 1, 1, 1]
iter_=1,scen=36
x= [1, 1, 1, 1]
iter_=1,scen=37
x= [1, 1, 1, 1]
iter_=1,scen=38
x= [1, 1, 1, 1]
iter_=1,scen=39
x= [1, 1, 1, 1]
iter_=1,scen=40
x= [1, 1, 1, 1]
iter_=1,scen=41
x= [1, 1, 1, 1]
iter_=1,scen=42
x= [1, 1, 1, 1]
iter_=1,scen=43
x= [1, 1, 1, 1]
iter_=1,scen=44
x= [1, 1, 1, 1]
iter_=1,scen=45
x= [1, 1, 1, 1]
iter_=1,scen=46
x= [1, 1, 1, 1]
iter_=1,scen=47
x= [1, 1, 1, 1]
iter_=1,scen=48
x= [1, 1, 1, 1]
iter_=1,scen=49
x= [1, 1, 1, 1]
iter_=1,scen=50
x= [1, 1, 1, 1]
x_array = 
[[1 1 1 1]
 [1 1 1 1]
 [1 1 1 1]
 [1 1 1 1]
 [1 1 1 1]
 [1 1 1 1]
 [1 1 1 1]
 [1 1 1 1]
 [1 1 1 1]
 [1 1 1 1]
 [1 1 1 1]
 [1 1 1 1]
 [1 1 1 1]
 [1 1 1 1]
 [1 1 1 1]
 [1 1 1 1]
 [1 1 1 1]
 [1 1 1 1]
 [1 1 1 1]
 [1 1 1 1]
 [1 1 1 1]
 [1 1 1 1]
 [1 1 1 1]
 [1 1 1 1]
 [1 1 1 1]
 [1 1 1 1]
 [1 1 1 1]
 [1 1 1 1]
 [1 1 1 1]
 [1 1 1 1]
 [1 1 1 1]
 [1 1 1 1]
 [1 1 1 1]
 [1 1 1 1]
 [1 1 1 1]
 [1 1 1 1]
 [1 1 1 1]
 [1 1 1 1]
 [1 1 1 1]
 [1 1 1 1]
 [1 1 1 1]
 [1 1 1 1]
 [1 1 1 1]
 [1 1 1 1]
 [1 1 1 1]
 [1 1 1 1]
 [1 1 1 1]
 [1 1 1 1]
 [1 1 1 1]
 [1 1 1 1]]
x_agr = 
[ 1.  1.  1.  1.]
average cost= 101.046000
converge distance = 0.000000
converge at iter_ = 1
time=4
