=============Heuristic=====================
==============scale, d, ccr==================
==================LHH========================
[9, 20] 100 [17, 27]
current time = 1
residual life    =  [16, 10, 12, 12, 9, 12, 16, 9, 10, 10]
converge at iter_ = 4
x                =  [0.0, 0.0, 0.0, 0.0, 0.0, 0.0, 0.0, 0.0, 0.0, 0.0]
current time = 2
residual life    =  [13, 12, 11, 9, 8, 12, 15, 9, 11, 2]
converge at iter_ = 9
x                =  [0.0, 0.0, 0.0, 0.0, 0.0, 0.0, 0.0, 0.0, 0.001, 0.002]
current time = 3
residual life    =  [16, 12, 9, 8, 7, 11, 15, 9, 2, 7]
converge at iter_ = 9
x                =  [0.0, 0.0, 0.0, 0.0, 0.0, 0.0, 0.0, 0.006, 0.007, 0.014]
current time = 4
residual life    =  [16, 9, 7, 8, 6, 12, 16, 1, 7, 5]
converge at iter_ = 9
x                =  [0.0, 0.0, 0.002, 0.005, 0.008, 0.0, 0.0, 0.014, 0.014, 0.02]
current time = 5
residual life    =  [13, 8, 7, 6, 6, 12, 6, 5, 5, 6]
converge at iter_ = 9
x                =  [0.0, 0.0, 0.009000000000000001, 0.01, 0.013000000000000001, 0.007, 0.0, 0.023, 0.021, 0.037]
current time = 6
residual life    =  [11, 8, 6, 7, 6, 2, 12, 4, 6, 2]
converge at iter_ = 9
x                =  [0.0, 0.005, 0.014, 0.015, 0.031, 0.01, 0.0, 0.04, 0.034, 0.057]
current time = 7
residual life    =  [11, 6, 6, 7, 0, 8, 9, 5, 2, 1]
converge at iter_ = 9
x                =  [0.138, 0.534, 0.603, 0.617, 1.0, 0.459, 0.23600000000000002, 0.672, 0.686, 0.7030000000000001]
current time = 8
residual life    =  [10, 15, 14, 6, 11, 6, 11, 8, 6, 11]
converge at iter_ = 9
x                =  [0.007, 0.0, 0.0, 0.0, 0.0, 0.02, 0.005, 0.0, 0.0, 0.0]
current time = 9
residual life    =  [11, 15, 6, 11, 9, 8, 6, 5, 11, 4]
converge at iter_ = 9
x                =  [0.012, 0.0, 0.0, 0.0, 0.0, 0.035, 0.01, 0.0, 0.0, 0.0]
current time = 10
residual life    =  [12, 7, 10, 9, 10, 3, 3, 10, 3, 3]
converge at iter_ = 9
x                =  [0.013000000000000001, 0.0, 0.0, 0.0, 0.0, 0.049, 0.013000000000000001, 0.0, 0.0, 0.002]
current time = 11
residual life    =  [1, 11, 8, 10, 6, 1, 8, 2, 3, 4]
converge at iter_ = 9
x                =  [0.015, 0.0, 0.0, 0.0, 0.0, 0.055, 0.017, 0.006, 0.007, 0.012]
current time = 12
residual life    =  [7, 9, 10, 6, 3, 5, 1, 2, 4, 5]
converge at iter_ = 9
x                =  [0.043000000000000003, 0.003, 0.017, 0.015, 0.027, 0.11800000000000001, 0.054, 0.037, 0.035, 0.042]
current time = 13
residual life    =  [5, 10, 6, 3, 7, 0, 1, 3, 6, 2]
converge at iter_ = 9
x                =  [0.728, 0.326, 0.642, 0.6920000000000001, 0.8170000000000001, 1.0, 0.852, 0.8240000000000001, 0.81, 0.838]
current time = 14
residual life    =  [21, 6, 8, 13, 6, 9, 15, 10, 8, 8]
converge at iter_ = 9
x                =  [0.0, 0.005, 0.0, 0.0, 0.0, 0.0, 0.0, 0.0, 0.0, 0.0]
current time = 15
residual life    =  [15, 3, 13, 6, 6, 11, 16, 7, 8, 10]
converge at iter_ = 9
x                =  [0.0, 0.01, 0.0, 0.0, 0.0, 0.0, 0.0, 0.0, 0.0, 0.0]
current time = 16
residual life    =  [11, 7, 5, 5, 7, 13, 13, 7, 11, 6]
converge at iter_ = 9
x                =  [0.0, 0.014, 0.0, 0.0, 0.0, 0.0, 0.0, 0.0, 0.0, 0.002]
current time = 17
residual life    =  [18, 1, 5, 7, 8, 8, 12, 9, 7, 6]
converge at iter_ = 9
x                =  [0.0, 0.029, 0.0, 0.0, 0.0, 0.0, 0.0, 0.006, 0.007, 0.012]
current time = 18
residual life    =  [7, 1, 6, 8, 4, 8, 16, 5, 6, 9]
converge at iter_ = 9
x                =  [0.0, 0.044, 0.002, 0.005, 0.008, 0.0, 0.0, 0.013000000000000001, 0.013000000000000001, 0.017]
current time = 19
residual life    =  [7, 2, 7, 5, 4, 12, 11, 4, 10, 7]
converge at iter_ = 9
x                =  [0.0, 0.069, 0.009000000000000001, 0.01, 0.013000000000000001, 0.007, 0.0, 0.026000000000000002, 0.02, 0.034]
current time = 20
residual life    =  [10, 3, 4, 4, 6, 7, 10, 8, 7, 3]
converge at iter_ = 9
x                =  [0.0, 0.129, 0.02, 0.019, 0.044, 0.015, 0.002, 0.046, 0.04, 0.088]
groupResult = 
[0, 0, 0, 0, 0, 0, 0, 0, 0, 0, 0, 0, 0, 1, 0, 0, 0, 0, 0, 0, 0]
[0, 0, 0, 0, 0, 0, 0, 1, 0, 0, 0, 0, 0, 0, 0, 0, 0, 0, 0, 0, 0]
[0, 0, 0, 0, 0, 0, 0, 1, 0, 0, 0, 0, 0, 1, 0, 0, 0, 0, 0, 0, 0]
[0, 0, 0, 0, 0, 0, 0, 1, 0, 0, 0, 0, 0, 1, 0, 0, 0, 0, 0, 0, 0]
[0, 0, 0, 0, 0, 0, 0, 2, 0, 0, 0, 0, 0, 1, 0, 0, 0, 0, 0, 0, 0]
[0, 0, 0, 0, 0, 0, 0, 0, 0, 0, 0, 0, 0, 2, 0, 0, 0, 0, 0, 0, 0]
[0, 0, 0, 0, 0, 0, 0, 0, 0, 0, 0, 0, 0, 1, 0, 0, 0, 0, 0, 0, 0]
[0, 0, 0, 0, 0, 0, 0, 1, 0, 0, 0, 0, 0, 1, 0, 0, 0, 0, 0, 0, 0]
[0, 0, 0, 0, 0, 0, 0, 1, 0, 0, 0, 0, 0, 1, 0, 0, 0, 0, 0, 0, 0]
[0, 0, 0, 0, 0, 0, 0, 1, 0, 0, 0, 0, 0, 1, 0, 0, 0, 0, 0, 0, 0]
cost             = 257
cost[1] = 257
time             = 55458
cost
[257.6]
average cost
257.6
=============================================
