=============Heuristic=====================
==============scale, d, ccr==================
==================LHH========================
[9, 20] 100 [17, 27]
current time = 1
residual life    =  [16, 13, 11, 12, 11, 6, 17, 8, 11, 7]
converge at iter_ = 4
x                =  [0.0, 0.0, 0.0, 0.0, 0.0, 0.0, 0.0, 0.0, 0.0, 0.0]
current time = 2
residual life    =  [16, 11, 11, 12, 4, 13, 14, 10, 7, 4]
converge at iter_ = 9
x                =  [0.0, 0.0, 0.0, 0.0, 0.0, 0.0, 0.0, 0.0, 0.001, 0.002]
current time = 3
residual life    =  [15, 12, 11, 3, 8, 10, 16, 5, 3, 8]
converge at iter_ = 9
x                =  [0.0, 0.0, 0.0, 0.0, 0.0, 0.0, 0.0, 0.006, 0.007, 0.014]
current time = 4
residual life    =  [16, 12, 3, 8, 6, 12, 11, 3, 8, 1]
converge at iter_ = 9
x                =  [0.0, 0.0, 0.002, 0.005, 0.008, 0.0, 0.0, 0.014, 0.014, 0.02]
current time = 5
residual life    =  [17, 4, 7, 6, 7, 7, 7, 7, 1, 1]
converge at iter_ = 9
x                =  [0.0, 0.0, 0.009000000000000001, 0.01, 0.013000000000000001, 0.007, 0.0, 0.023, 0.021, 0.037]
current time = 6
residual life    =  [5, 8, 6, 7, 3, 3, 13, 1, 1, 2]
converge at iter_ = 9
x                =  [0.0, 0.005, 0.014, 0.015, 0.031, 0.01, 0.0, 0.04, 0.034, 0.057]
current time = 7
residual life    =  [12, 6, 7, 3, 1, 10, 4, 1, 2, 3]
converge at iter_ = 9
x                =  [0.002, 0.012, 0.025, 0.035, 0.059000000000000004, 0.016, 0.001, 0.07200000000000001, 0.07, 0.112]
current time = 8
residual life    =  [10, 7, 3, 1, 4, 1, 4, 1, 3, 1]
converge at iter_ = 9
x                =  [0.096, 0.363, 0.421, 0.443, 0.47900000000000004, 0.327, 0.14, 0.49, 0.486, 0.508]
current time = 9
residual life    =  [12, 3, 1, 5, 0, 1, 6, 2, 1, 8]
converge at iter_ = 9
x                =  [0.255, 0.6910000000000001, 0.761, 0.774, 1.0, 0.601, 0.38, 0.862, 0.836, 0.228]
current time = 10
residual life    =  [6, 10, 14, 7, 7, 12, 7, 8, 9, 10]
converge at iter_ = 9
x                =  [0.013000000000000001, 0.0, 0.0, 0.0, 0.0, 0.0, 0.013000000000000001, 0.0, 0.0, 0.0]
current time = 11
residual life    =  [3, 14, 6, 6, 8, 14, 4, 8, 12, 6]
converge at iter_ = 9
x                =  [0.015, 0.0, 0.0, 0.0, 0.0, 0.0, 0.017, 0.0, 0.0, 0.002]
current time = 12
residual life    =  [9, 7, 6, 8, 9, 9, 4, 10, 7, 6]
converge at iter_ = 9
x                =  [0.023, 0.0, 0.0, 0.0, 0.0, 0.0, 0.032, 0.0, 0.0, 0.012]
current time = 13
residual life    =  [1, 7, 7, 9, 5, 9, 7, 6, 7, 9]
converge at iter_ = 9
x                =  [0.036000000000000004, 0.0, 0.0, 0.0, 0.0, 0.0, 0.042, 0.006, 0.007, 0.017]
current time = 14
residual life    =  [1, 8, 8, 6, 5, 13, 3, 5, 11, 7]
converge at iter_ = 9
x                =  [0.044, 0.0, 0.002, 0.005, 0.009000000000000001, 0.0, 0.074, 0.014, 0.014, 0.039]
current time = 15
residual life    =  [2, 9, 5, 5, 7, 8, 2, 9, 8, 3]
converge at iter_ = 9
x                =  [0.29, 0.078, 0.166, 0.17200000000000001, 0.23, 0.092, 0.296, 0.252, 0.241, 0.29]
current time = 16
residual life    =  [4, 6, 5, 8, 4, 7, 6, 7, 4, 2]
converge at iter_ = 9
x                =  [0.097, 0.031, 0.043000000000000003, 0.048, 0.066, 0.028, 0.152, 0.076, 0.069, 0.134]
current time = 17
residual life    =  [1, 5, 7, 4, 3, 13, 4, 3, 3, 2]
converge at iter_ = 9
x                =  [0.33, 0.23, 0.246, 0.262, 0.291, 0.20500000000000002, 0.38, 0.299, 0.298, 0.365]
current time = 18
residual life    =  [2, 8, 4, 3, 6, 10, 1, 2, 2, 2]
converge at iter_ = 9
x                =  [0.966, 0.965, 0.966, 0.967, 0.967, 0.91, 0.967, 0.967, 0.967, 0.967]
current time = 19
residual life    =  [22, 13, 11, 16, 13, 13, 16, 9, 11, 8]
converge at iter_ = 1
x                =  [0.0, 0.0, 0.0, 0.0, 0.0, 0.0, 0.0, 0.0, 0.0, 0.0]
current time = 20
residual life    =  [16, 12, 15, 13, 9, 12, 15, 10, 8, 7]
converge at iter_ = 1
x                =  [0.0, 0.0, 0.0, 0.0, 0.0, 0.0, 0.0, 0.0, 0.0, 0.0]
groupResult = 
[0, 0, 0, 0, 0, 0, 0, 0, 0, 0, 0, 0, 0, 0, 0, 0, 0, 0, 1, 0, 0]
[0, 0, 0, 0, 0, 0, 0, 0, 0, 1, 0, 0, 0, 0, 0, 0, 0, 0, 1, 0, 0]
[0, 0, 0, 0, 0, 0, 0, 0, 0, 1, 0, 0, 0, 0, 0, 0, 0, 0, 1, 0, 0]
[0, 0, 0, 0, 0, 0, 0, 0, 0, 1, 0, 0, 0, 0, 0, 0, 0, 0, 1, 0, 0]
[0, 0, 0, 0, 0, 0, 0, 0, 0, 2, 0, 0, 0, 0, 0, 0, 0, 0, 1, 0, 0]
[0, 0, 0, 0, 0, 0, 0, 0, 0, 1, 0, 0, 0, 0, 0, 0, 0, 0, 1, 0, 0]
[0, 0, 0, 0, 0, 0, 0, 0, 0, 0, 0, 0, 0, 0, 0, 0, 0, 0, 1, 0, 0]
[0, 0, 0, 0, 0, 0, 0, 0, 0, 1, 0, 0, 0, 0, 0, 0, 0, 0, 1, 0, 0]
[0, 0, 0, 0, 0, 0, 0, 0, 0, 1, 0, 0, 0, 0, 0, 0, 0, 0, 1, 0, 0]
[0, 0, 0, 0, 0, 0, 0, 0, 1, 0, 0, 0, 0, 0, 0, 0, 0, 0, 1, 0, 0]
cost             = 342
cost[1] = 342
time             = 61501
cost
[342.2]
average cost
342.2
=============================================
