=============Heuristic=====================
==============scale, d, ccr==================
==================LHH========================
[9, 20] 100 [17, 27]
current time = 1
residual life    =  [14, 11, 13, 10, 9, 19, 19, 8, 9, 7]
converge at iter_ = 4
x                =  [0.0, 0.0, 0.0, 0.0, 0.0, 0.0, 0.0, 0.0, 0.0, 0.0]
current time = 2
residual life    =  [14, 14, 9, 9, 12, 16, 14, 7, 7, 8]
converge at iter_ = 9
x                =  [0.0, 0.0, 0.0, 0.0, 0.0, 0.0, 0.0, 0.0, 0.001, 0.002]
current time = 3
residual life    =  [19, 10, 8, 13, 10, 10, 13, 6, 8, 5]
converge at iter_ = 9
x                =  [0.0, 0.0, 0.0, 0.0, 0.0, 0.0, 0.0, 0.006, 0.007, 0.014]
current time = 4
residual life    =  [13, 9, 12, 10, 6, 9, 12, 7, 5, 4]
converge at iter_ = 9
x                =  [0.0, 0.0, 0.002, 0.005, 0.008, 0.0, 0.0, 0.014, 0.014, 0.02]
current time = 5
residual life    =  [12, 12, 10, 6, 5, 8, 13, 4, 4, 6]
converge at iter_ = 9
x                =  [0.0, 0.0, 0.009000000000000001, 0.01, 0.013000000000000001, 0.007, 0.0, 0.023, 0.021, 0.037]
current time = 6
residual life    =  [19, 10, 5, 5, 4, 9, 9, 3, 6, 3]
converge at iter_ = 9
x                =  [0.0, 0.005, 0.014, 0.015, 0.031, 0.01, 0.0, 0.04, 0.034, 0.057]
current time = 7
residual life    =  [15, 6, 5, 4, 4, 5, 9, 5, 3, 3]
converge at iter_ = 9
x                =  [0.002, 0.012, 0.025, 0.035, 0.059000000000000004, 0.016, 0.001, 0.07200000000000001, 0.07, 0.112]
current time = 8
residual life    =  [9, 5, 4, 4, 2, 5, 11, 2, 3, 1]
converge at iter_ = 9
x                =  [0.096, 0.363, 0.421, 0.443, 0.47900000000000004, 0.327, 0.14, 0.49, 0.486, 0.508]
current time = 9
residual life    =  [9, 4, 4, 2, 1, 7, 8, 2, 1, 12]
converge at iter_ = 9
x                =  [0.107, 0.275, 0.317, 0.332, 0.394, 0.248, 0.134, 0.392, 0.371, 0.079]
current time = 10
residual life    =  [8, 4, 2, 2, 2, 4, 7, 1, 4, 8]
converge at iter_ = 9
x                =  [0.319, 0.642, 0.676, 0.6950000000000001, 0.749, 0.61, 0.459, 0.745, 0.733, 0.314]
current time = 11
residual life    =  [8, 12, 11, 13, 10, 15, 5, 13, 10, 8]
converge at iter_ = 9
x                =  [0.015, 0.0, 0.0, 0.0, 0.0, 0.0, 0.017, 0.0, 0.0, 0.002]
current time = 12
residual life    =  [5, 11, 12, 10, 10, 11, 9, 9, 10, 3]
converge at iter_ = 9
x                =  [0.021, 0.0, 0.0, 0.0, 0.0, 0.0, 0.031, 0.0, 0.0, 0.012]
current time = 13
residual life    =  [4, 13, 10, 10, 7, 17, 5, 9, 5, 6]
converge at iter_ = 9
x                =  [0.033, 0.0, 0.0, 0.0, 0.0, 0.0, 0.042, 0.0, 0.0, 0.017]
current time = 14
residual life    =  [7, 10, 9, 7, 10, 11, 5, 4, 8, 4]
converge at iter_ = 9
x                =  [0.046, 0.0, 0.0, 0.0, 0.0, 0.0, 0.065, 0.008, 0.007, 0.037]
current time = 15
residual life    =  [4, 10, 7, 11, 6, 12, 1, 6, 6, 6]
converge at iter_ = 9
x                =  [0.184, 0.015, 0.042, 0.051000000000000004, 0.114, 0.019, 0.23900000000000002, 0.11800000000000001, 0.11, 0.20600000000000002]
current time = 16
residual life    =  [4, 7, 10, 7, 6, 5, 3, 4, 8, 2]
converge at iter_ = 9
x                =  [0.08600000000000001, 0.006, 0.015, 0.016, 0.034, 0.013000000000000001, 0.159, 0.04, 0.036000000000000004, 0.115]
current time = 17
residual life    =  [2, 11, 6, 7, 2, 9, 1, 7, 4, 3]
converge at iter_ = 9
x                =  [0.263, 0.083, 0.152, 0.15, 0.197, 0.074, 0.342, 0.209, 0.193, 0.314]
current time = 18
residual life    =  [6, 7, 6, 2, 4, 6, 3, 3, 5, 0]
converge at iter_ = 9
x                =  [1.0, 0.992, 1.0, 1.0, 1.0, 0.891, 1.0, 1.0, 1.0, 1.0]
current time = 19
residual life    =  [19, 15, 8, 12, 10, 18, 17, 11, 5, 8]
converge at iter_ = 1
x                =  [0.0, 0.0, 0.0, 0.0, 0.0, 0.0, 0.0, 0.0, 0.0, 0.0]
current time = 20
residual life    =  [19, 9, 11, 10, 12, 13, 17, 4, 8, 5]
converge at iter_ = 1
x                =  [0.0, 0.0, 0.0, 0.0, 0.0, 0.0, 0.0, 0.0, 0.0, 0.0]
groupResult = 
[0, 0, 0, 0, 0, 0, 0, 0, 0, 0, 0, 0, 0, 0, 0, 0, 0, 0, 1, 0, 0]
[0, 0, 0, 0, 0, 0, 0, 0, 0, 0, 1, 0, 0, 0, 0, 0, 0, 0, 1, 0, 0]
[0, 0, 0, 0, 0, 0, 0, 0, 0, 0, 1, 0, 0, 0, 0, 0, 0, 0, 1, 0, 0]
[0, 0, 0, 0, 0, 0, 0, 0, 0, 0, 1, 0, 0, 0, 0, 0, 0, 0, 1, 0, 0]
[0, 0, 0, 0, 0, 0, 0, 0, 0, 0, 1, 0, 0, 0, 0, 0, 0, 0, 1, 0, 0]
[0, 0, 0, 0, 0, 0, 0, 0, 0, 0, 1, 0, 0, 0, 0, 0, 0, 0, 1, 0, 0]
[0, 0, 0, 0, 0, 0, 0, 0, 0, 0, 0, 0, 0, 0, 0, 0, 0, 0, 1, 0, 0]
[0, 0, 0, 0, 0, 0, 0, 0, 0, 0, 1, 0, 0, 0, 0, 0, 0, 0, 1, 0, 0]
[0, 0, 0, 0, 0, 0, 0, 0, 0, 0, 1, 0, 0, 0, 0, 0, 0, 0, 1, 0, 0]
[0, 0, 0, 0, 0, 0, 0, 0, 1, 0, 0, 0, 0, 0, 0, 0, 0, 0, 2, 0, 0]
cost             = 340
cost[1] = 340
time             = 60675
cost
[340.0]
average cost
340.0
=============================================
