#Total component number
param pI := 8;

#Time horizon
param pT := 30;

#Number of Scenarios
param NUMSCEN := 100;

#Probablity of each Scenario. Equally distributed
param prob := 0.01;

#Extended time horizon
param pT_ex := 70;

#Starting time
param ps := 2;

#Number of individuals. R=T+2
param pR := 32;

#Setup cost
param pd := 5;

param pCPR := 
1 1
2 1
3 1
4 1
5 1
6 1
7 1
8 1
;

param pCCR := 
1 11.4
2 9.1
3 8.0
4 11.1
5 14.2
6 7.4
7 9.8
8 14.6
;

param pKesi := 
1 1
2 0
3 0
4 0
5 0
6 0
7 0
8 0
;

param w_shape := 
1 5.7
2 6.7
3 5.6
4 5.4
5 5.5
6 4.9
7 6.7
8 4.8
;

param w_scale := 
1 7.3
2 4.2
3 3.2
4 2.9
5 2.0
6 4.6
7 6.4
8 1.9
;

param x := 
1 1
2 1
3 1
4 0
5 0
6 0
7 0
8 0
;

#pLT is two-dimensional [i,r]=[component, individual]
#[i,*] means all data in row i.

param pLT := 
[1,*]
1  0    2  7    3  5    4  8    5  7    6  8    7  7    8  8    9  7    10 4    
11 6    12 5    13 7    14 7    15 7    16 7    17 8    18 6    19 8    20 3    
21 4    22 5    23 6    24 7    25 8    26 7    27 4    28 5    29 6    30 9    
31 7    32 4    

[2,*]
1  2    2  3    3  4    4  4    5  4    6  4    7  4    8  4    9  2    10 3    
11 3    12 4    13 4    14 4    15 4    16 4    17 3    18 4    19 2    20 2    
21 3    22 3    23 4    24 4    25 4    26 2    27 3    28 4    29 5    30 4    
31 3    32 3    

[3,*]
1  1    2  3    3  3    4  3    5  3    6  3    7  3    8  2    9  2    10 2    
11 3    12 3    13 3    14 3    15 3    16 2    17 3    18 1    19 1    20 2    
21 2    22 3    23 3    24 3    25 1    26 2    27 3    28 3    29 3    30 2    
31 2    32 3    

[4,*]
1  1    2  2    3  3    4  3    5  3    6  2    7  1    8  2    9  2    10 2    
11 3    12 2    13 2    14 3    15 2    16 3    17 1    18 1    19 1    20 2    
21 3    22 3    23 3    24 1    25 2    26 2    27 3    28 3    29 1    30 2    
31 3    32 2    

[5,*]
1  1    2  2    3  2    4  2    5  1    6  1    7  1    8  1    9  1    10 2    
11 2    12 1    13 2    14 1    15 2    16 1    17 1    18 1    19 1    20 2    
21 2    22 2    23 1    24 1    25 1    26 2    27 2    28 1    29 1    30 2    
31 1    32 1    

[6,*]
1  3    2  5    3  5    4  4    5  2    6  4    7  3    8  4    9  5    10 4    
11 4    12 5    13 4    14 5    15 2    16 2    17 3    18 3    19 4    20 5    
21 4    22 2    23 3    24 4    25 5    26 4    27 2    28 3    29 4    30 3    
31 2    32 4    

[7,*]
1  4    2  7    3  6    4  4    5  5    6  5    7  6    8  6    9  6    10 6    
11 7    12 5    13 7    14 3    15 3    16 4    17 5    18 6    19 7    20 6    
21 4    22 4    23 6    24 7    25 6    26 4    27 5    28 6    29 5    30 4    
31 6    32 7    

[8,*]
1  1    2  1    3  1    4  1    5  1    6  1    7  2    8  1    9  1    10 2    
11 1    12 2    13 1    14 1    15 1    16 1    17 2    18 2    19 1    20 1    
21 1    22 1    23 2    24 2    25 1    26 1    27 2    28 1    29 1    30 1    
31 2    32 1    
;