#Total component number
param pI := 8;

#Time horizon
param pT := 30;

#Number of Scenarios
param NUMSCEN := 100;

#Probablity of each Scenario. Equally distributed
param prob := 0.01;

#Extended time horizon
param pT_ex := 70;

#Starting time
param ps := 2;

#Number of individuals. R=T+2
param pR := 32;

#Setup cost
param pd := 5;

param pCPR := 
1 1
2 1
3 1
4 1
5 1
6 1
7 1
8 1
;

param pCCR := 
1 11.4
2 9.1
3 8.0
4 11.1
5 14.2
6 7.4
7 9.8
8 14.6
;

param pKesi := 
1 1
2 0
3 0
4 0
5 0
6 0
7 0
8 0
;

param w_shape := 
1 5.7
2 6.7
3 5.6
4 5.4
5 5.5
6 4.9
7 6.7
8 4.8
;

param w_scale := 
1 7.3
2 4.2
3 3.2
4 2.9
5 2.0
6 4.6
7 6.4
8 1.9
;

param x := 
1 1
2 0
3 0
4 0
5 0
6 0
7 0
8 0
;

#pLT is two-dimensional [i,r]=[component, individual]
#[i,*] means all data in row i.

param pLT := 
[1,*]
1  0    2  8    3  7    4  7    5  5    6  7    7  6    8  8    9  6    10 7    
11 3    12 6    13 4    14 8    15 4    16 8    17 6    18 7    19 7    20 6    
21 4    22 7    23 6    24 7    25 8    26 8    27 5    28 6    29 4    30 7    
31 8    32 7    

[2,*]
1  3    2  4    3  4    4  3    5  4    6  3    7  4    8  3    9  4    10 2    
11 3    12 2    13 4    14 2    15 4    16 3    17 4    18 4    19 3    20 2    
21 4    22 4    23 4    24 4    25 4    26 3    27 3    28 2    29 4    30 4    
31 4    32 3    

[3,*]
1  1    2  3    3  2    4  3    5  2    6  3    7  3    8  3    9  1    10 2    
11 2    12 3    13 1    14 3    15 2    16 3    17 3    18 3    19 2    20 3    
21 3    22 3    23 3    24 3    25 2    26 2    27 2    28 3    29 3    30 3    
31 2    32 3    

[4,*]
1  1    2  1    3  2    4  2    5  3    6  2    7  3    8  1    9  2    10 1    
11 3    12 1    13 3    14 2    15 3    16 2    17 2    18 1    19 2    20 2    
21 2    22 3    23 3    24 2    25 2    26 1    27 2    28 3    29 3    30 2    
31 2    32 2    

[5,*]
1  1    2  2    3  1    4  2    5  1    6  2    7  1    8  1    9  1    10 2    
11 1    12 2    13 1    14 2    15 2    16 1    17 1    18 1    19 1    20 1    
21 2    22 2    23 1    24 1    25 1    26 2    27 2    28 2    29 1    30 1    
31 1    32 1    

[6,*]
1  2    2  4    3  5    4  4    5  4    6  2    7  3    8  2    9  5    10 2    
11 5    12 4    13 4    14 4    15 4    16 2    17 4    18 4    19 4    20 5    
21 5    22 3    23 3    24 2    25 4    26 5    27 4    28 3    29 4    30 4    
31 3    32 3    

[7,*]
1  3    2  7    3  6    4  6    5  3    6  5    7  4    8  7    9  3    10 7    
11 5    12 6    13 6    14 6    15 4    16 6    17 6    18 6    19 7    20 7    
21 5    22 5    23 4    24 6    25 7    26 6    27 4    28 6    29 6    30 5    
31 5    32 7    

[8,*]
1  1    2  1    3  2    4  1    5  1    6  1    7  2    8  1    9  2    10 1    
11 2    12 1    13 1    14 1    15 1    16 1    17 1    18 2    19 2    20 1    
21 1    22 1    23 1    24 2    25 1    26 1    27 1    28 1    29 1    30 1    
31 2    32 2    
;