=============Heuristic=====================
==============scale, d, ccr==================
==================LHH========================
[9, 20] 100 [6, 16]
current time = 1
residual life    =  [10, 14, 12, 9, 7, 14, 18, 9, 8, 8]
converge at iter_ = 1
x                =  [0.0, 0.0, 0.0, 0.0, 0.0, 0.0, 0.0, 0.0, 0.0, 0.0]
current time = 2
residual life    =  [18, 13, 9, 7, 9, 14, 15, 7, 8, 7]
converge at iter_ = 9
x                =  [0.0, 0.0, 0.0, 0.0, 0.0, 0.0, 0.0, 0.0, 0.0, 0.002]
current time = 3
residual life    =  [17, 10, 7, 9, 8, 11, 13, 7, 7, 7]
converge at iter_ = 9
x                =  [0.0, 0.0, 0.0, 0.0, 0.0, 0.0, 0.0, 0.006, 0.007, 0.012]
current time = 4
residual life    =  [13, 7, 9, 9, 6, 9, 13, 6, 7, 7]
converge at iter_ = 9
x                =  [0.0, 0.0, 0.002, 0.005, 0.008, 0.0, 0.0, 0.013000000000000001, 0.013000000000000001, 0.017]
current time = 5
residual life    =  [10, 9, 8, 6, 5, 9, 12, 6, 8, 1]
converge at iter_ = 9
x                =  [0.0, 0.0, 0.009000000000000001, 0.01, 0.013000000000000001, 0.007, 0.0, 0.02, 0.019, 0.033]
current time = 6
residual life    =  [13, 9, 6, 5, 4, 8, 12, 6, 1, 4]
converge at iter_ = 9
x                =  [0.004, 0.027, 0.059000000000000004, 0.074, 0.10200000000000001, 0.033, 0.004, 0.10400000000000001, 0.10400000000000001, 0.13]
current time = 7
residual life    =  [13, 6, 4, 5, 3, 9, 13, 0, 4, 2]
converge at iter_ = 9
x                =  [0.139, 0.516, 0.5630000000000001, 0.587, 0.628, 0.442, 0.234, 1.0, 0.644, 0.674]
current time = 8
residual life    =  [10, 13, 12, 11, 11, 9, 3, 10, 10, 11]
converge at iter_ = 9
x                =  [0.007, 0.0, 0.0, 0.0, 0.0, 0.019, 0.005, 0.0, 0.0, 0.0]
current time = 9
residual life    =  [8, 13, 11, 12, 11, 1, 9, 8, 11, 7]
converge at iter_ = 9
x                =  [0.01, 0.0, 0.0, 0.0, 0.0, 0.033, 0.01, 0.0, 0.0, 0.0]
current time = 10
residual life    =  [8, 11, 11, 12, 4, 5, 6, 10, 7, 4]
converge at iter_ = 9
x                =  [0.013000000000000001, 0.0, 0.0, 0.0, 0.0, 0.045, 0.013000000000000001, 0.0, 0.0, 0.002]
current time = 11
residual life    =  [7, 12, 11, 3, 8, 3, 8, 5, 3, 8]
converge at iter_ = 9
x                =  [0.015, 0.0, 0.0, 0.0, 0.0, 0.055, 0.017, 0.006, 0.007, 0.012]
current time = 12
residual life    =  [8, 12, 3, 8, 6, 5, 4, 3, 8, 1]
converge at iter_ = 9
x                =  [0.024, 0.0, 0.003, 0.006, 0.009000000000000001, 0.089, 0.033, 0.016, 0.013000000000000001, 0.018000000000000002]
current time = 13
residual life    =  [9, 4, 7, 6, 7, 2, 1, 7, 1, 1]
converge at iter_ = 9
x                =  [0.038, 0.0, 0.011, 0.013000000000000001, 0.014, 0.11800000000000001, 0.042, 0.022, 0.022, 0.035]
current time = 14
residual life    =  [0, 8, 6, 7, 3, 0, 5, 1, 1, 2]
converge at iter_ = 9
x                =  [1.0, 0.9380000000000001, 0.994, 0.996, 1.0, 1.0, 1.0, 0.999, 1.0, 1.0]
current time = 15
residual life    =  [19, 13, 14, 10, 7, 17, 11, 6, 8, 9]
converge at iter_ = 1
x                =  [0.0, 0.0, 0.0, 0.0, 0.0, 0.0, 0.0, 0.0, 0.0, 0.0]
current time = 16
residual life    =  [17, 14, 9, 7, 11, 7, 11, 7, 10, 6]
converge at iter_ = 1
x                =  [0.0, 0.0, 0.0, 0.0, 0.0, 0.0, 0.0, 0.0, 0.0, 0.0]
current time = 17
residual life    =  [19, 10, 6, 11, 4, 7, 13, 8, 6, 6]
converge at iter_ = 9
x                =  [0.0, 0.0, 0.0, 0.0, 0.0, 0.0, 0.0, 0.0, 0.0, 0.002]
current time = 18
residual life    =  [13, 7, 11, 4, 4, 9, 14, 5, 6, 8]
converge at iter_ = 9
x                =  [0.0, 0.0, 0.0, 0.0, 0.0, 0.0, 0.0, 0.006, 0.007, 0.012]
current time = 19
residual life    =  [9, 11, 3, 4, 5, 11, 11, 5, 9, 5]
converge at iter_ = 9
x                =  [0.0, 0.0, 0.002, 0.005, 0.008, 0.0, 0.0, 0.013000000000000001, 0.013000000000000001, 0.017]
current time = 20
residual life    =  [16, 4, 3, 5, 6, 6, 10, 7, 5, 4]
converge at iter_ = 9
x                =  [0.0, 0.0, 0.009000000000000001, 0.01, 0.013000000000000001, 0.007, 0.0, 0.02, 0.019, 0.033]
groupResult = 
[0, 0, 0, 0, 0, 0, 0, 0, 0, 0, 0, 0, 0, 0, 2, 0, 0, 0, 0, 0, 0]
[0, 0, 0, 0, 0, 0, 0, 1, 0, 0, 0, 0, 0, 0, 1, 0, 0, 0, 0, 0, 0]
[0, 0, 0, 0, 0, 0, 0, 1, 0, 0, 0, 0, 0, 0, 1, 0, 0, 0, 0, 0, 0]
[0, 0, 0, 0, 0, 0, 0, 1, 0, 0, 0, 0, 0, 0, 1, 0, 0, 0, 0, 0, 0]
[0, 0, 0, 0, 0, 0, 0, 1, 0, 0, 0, 0, 0, 0, 1, 0, 0, 0, 0, 0, 0]
[0, 0, 0, 0, 0, 0, 0, 0, 0, 0, 0, 0, 0, 0, 2, 0, 0, 0, 0, 0, 0]
[0, 0, 0, 0, 0, 0, 0, 0, 0, 0, 0, 0, 0, 0, 1, 0, 0, 0, 0, 0, 0]
[0, 0, 0, 0, 0, 0, 0, 2, 0, 0, 0, 0, 0, 0, 1, 0, 0, 0, 0, 0, 0]
[0, 0, 0, 0, 0, 0, 0, 1, 0, 0, 0, 0, 0, 0, 1, 0, 0, 0, 0, 0, 0]
[0, 0, 0, 0, 0, 0, 0, 1, 0, 0, 0, 0, 0, 0, 1, 0, 0, 0, 0, 0, 0]
cost             = 247
cost[1] = 247
time             = 53767
cost
[247.4]
average cost
247.4
=============================================
