=============Heuristic=====================
==============scale, d, ccr==================
==================LHH========================
[9, 20] 100 [6, 16]
current time = 1
residual life    =  [16, 10, 12, 12, 9, 12, 16, 9, 10, 10]
converge at iter_ = 1
x                =  [0.0, 0.0, 0.0, 0.0, 0.0, 0.0, 0.0, 0.0, 0.0, 0.0]
current time = 2
residual life    =  [13, 12, 11, 9, 8, 12, 15, 9, 11, 2]
converge at iter_ = 9
x                =  [0.0, 0.0, 0.0, 0.0, 0.0, 0.0, 0.0, 0.0, 0.0, 0.002]
current time = 3
residual life    =  [16, 12, 9, 8, 7, 11, 15, 9, 2, 7]
converge at iter_ = 9
x                =  [0.0, 0.0, 0.0, 0.0, 0.0, 0.0, 0.0, 0.006, 0.007, 0.012]
current time = 4
residual life    =  [16, 9, 7, 8, 6, 12, 16, 1, 7, 5]
converge at iter_ = 9
x                =  [0.0, 0.0, 0.002, 0.005, 0.008, 0.0, 0.0, 0.013000000000000001, 0.013000000000000001, 0.017]
current time = 5
residual life    =  [13, 8, 7, 6, 6, 12, 6, 5, 5, 6]
converge at iter_ = 9
x                =  [0.0, 0.0, 0.009000000000000001, 0.01, 0.013000000000000001, 0.007, 0.0, 0.02, 0.019, 0.033]
current time = 6
residual life    =  [11, 8, 6, 7, 6, 2, 12, 4, 6, 2]
converge at iter_ = 9
x                =  [0.004, 0.027, 0.059000000000000004, 0.074, 0.10200000000000001, 0.033, 0.004, 0.10400000000000001, 0.10400000000000001, 0.13]
current time = 7
residual life    =  [11, 6, 6, 7, 0, 8, 9, 5, 2, 1]
converge at iter_ = 9
x                =  [0.133, 0.49, 0.544, 0.558, 1.0, 0.43, 0.212, 0.604, 0.62, 0.642]
current time = 8
residual life    =  [10, 7, 14, 6, 11, 6, 11, 8, 6, 11]
converge at iter_ = 9
x                =  [0.007, 0.014, 0.0, 0.0, 0.0, 0.019, 0.005, 0.0, 0.0, 0.0]
current time = 9
residual life    =  [11, 7, 6, 11, 9, 8, 6, 5, 11, 4]
converge at iter_ = 9
x                =  [0.01, 0.029, 0.0, 0.0, 0.0, 0.033, 0.01, 0.0, 0.0, 0.0]
current time = 10
residual life    =  [12, 0, 10, 9, 10, 3, 3, 10, 3, 3]
converge at iter_ = 9
x                =  [0.013000000000000001, 1.0, 0.0, 0.0, 0.0, 0.052000000000000005, 0.013000000000000001, 0.0, 0.0, 0.002]
current time = 11
residual life    =  [1, 14, 8, 10, 6, 1, 8, 2, 3, 4]
converge at iter_ = 9
x                =  [0.015, 0.0, 0.0, 0.0, 0.0, 0.055, 0.017, 0.006, 0.007, 0.012]
current time = 12
residual life    =  [7, 12, 10, 6, 3, 5, 1, 2, 4, 5]
converge at iter_ = 9
x                =  [0.025, 0.0, 0.004, 0.006, 0.008, 0.095, 0.035, 0.016, 0.015, 0.018000000000000002]
current time = 13
residual life    =  [5, 13, 6, 3, 7, 0, 1, 3, 6, 2]
converge at iter_ = 9
x                =  [0.931, 0.14100000000000001, 0.9480000000000001, 0.965, 0.988, 1.0, 0.994, 0.99, 0.984, 0.994]
current time = 14
residual life    =  [21, 9, 8, 13, 6, 9, 15, 10, 8, 8]
converge at iter_ = 1
x                =  [0.0, 0.0, 0.0, 0.0, 0.0, 0.0, 0.0, 0.0, 0.0, 0.0]
current time = 15
residual life    =  [15, 6, 13, 6, 6, 11, 16, 7, 8, 10]
converge at iter_ = 1
x                =  [0.0, 0.0, 0.0, 0.0, 0.0, 0.0, 0.0, 0.0, 0.0, 0.0]
current time = 16
residual life    =  [11, 10, 5, 5, 7, 13, 13, 7, 11, 6]
converge at iter_ = 9
x                =  [0.0, 0.0, 0.0, 0.0, 0.0, 0.0, 0.0, 0.0, 0.0, 0.002]
current time = 17
residual life    =  [18, 3, 5, 7, 8, 8, 12, 9, 7, 6]
converge at iter_ = 9
x                =  [0.0, 0.005, 0.0, 0.0, 0.0, 0.0, 0.0, 0.006, 0.007, 0.012]
current time = 18
residual life    =  [7, 3, 6, 8, 4, 8, 16, 5, 6, 9]
converge at iter_ = 9
x                =  [0.0, 0.01, 0.002, 0.005, 0.008, 0.0, 0.0, 0.013000000000000001, 0.013000000000000001, 0.017]
current time = 19
residual life    =  [7, 4, 7, 5, 4, 12, 11, 4, 10, 7]
converge at iter_ = 9
x                =  [0.0, 0.014, 0.009000000000000001, 0.01, 0.013000000000000001, 0.007, 0.0, 0.025, 0.019, 0.033]
current time = 20
residual life    =  [10, 5, 4, 4, 6, 7, 10, 8, 7, 3]
converge at iter_ = 9
x                =  [0.0, 0.029, 0.013000000000000001, 0.015, 0.031, 0.01, 0.0, 0.037, 0.033, 0.084]
groupResult = 
[0, 0, 0, 0, 0, 0, 0, 0, 0, 0, 0, 0, 0, 1, 0, 0, 0, 0, 0, 0, 0]
[0, 0, 0, 0, 0, 0, 0, 0, 0, 0, 2, 0, 0, 0, 0, 0, 0, 0, 0, 0, 0]
[0, 0, 0, 0, 0, 0, 0, 1, 0, 0, 0, 0, 0, 1, 0, 0, 0, 0, 0, 0, 0]
[0, 0, 0, 0, 0, 0, 0, 1, 0, 0, 0, 0, 0, 1, 0, 0, 0, 0, 0, 0, 0]
[0, 0, 0, 0, 0, 0, 0, 2, 0, 0, 0, 0, 0, 1, 0, 0, 0, 0, 0, 0, 0]
[0, 0, 0, 0, 0, 0, 0, 0, 0, 0, 0, 0, 0, 2, 0, 0, 0, 0, 0, 0, 0]
[0, 0, 0, 0, 0, 0, 0, 0, 0, 0, 0, 0, 0, 1, 0, 0, 0, 0, 0, 0, 0]
[0, 0, 0, 0, 0, 0, 0, 1, 0, 0, 0, 0, 0, 1, 0, 0, 0, 0, 0, 0, 0]
[0, 0, 0, 0, 0, 0, 0, 1, 0, 0, 0, 0, 0, 1, 0, 0, 0, 0, 0, 0, 0]
[0, 0, 0, 0, 0, 0, 0, 1, 0, 0, 0, 0, 0, 1, 0, 0, 0, 0, 0, 0, 0]
cost             = 343
cost[1] = 343
time             = 53417
cost
[343.69999999999993]
average cost
343.7
=============================================
