=============Heuristic=====================
==============scale, d, ccr==================
==================LHH========================
[9, 20] 100 [6, 16]
current time = 1
residual life    =  [16, 13, 11, 12, 11, 6, 17, 8, 11, 7]
converge at iter_ = 1
x                =  [0.0, 0.0, 0.0, 0.0, 0.0, 0.0, 0.0, 0.0, 0.0, 0.0]
current time = 2
residual life    =  [16, 11, 11, 12, 4, 13, 14, 10, 7, 4]
converge at iter_ = 9
x                =  [0.0, 0.0, 0.0, 0.0, 0.0, 0.0, 0.0, 0.0, 0.0, 0.002]
current time = 3
residual life    =  [15, 12, 11, 3, 8, 10, 16, 5, 3, 8]
converge at iter_ = 9
x                =  [0.0, 0.0, 0.0, 0.0, 0.0, 0.0, 0.0, 0.006, 0.007, 0.012]
current time = 4
residual life    =  [16, 12, 3, 8, 6, 12, 11, 3, 8, 1]
converge at iter_ = 9
x                =  [0.0, 0.0, 0.002, 0.005, 0.008, 0.0, 0.0, 0.013000000000000001, 0.013000000000000001, 0.017]
current time = 5
residual life    =  [17, 4, 7, 6, 7, 7, 7, 7, 1, 1]
converge at iter_ = 9
x                =  [0.0, 0.0, 0.009000000000000001, 0.01, 0.013000000000000001, 0.007, 0.0, 0.02, 0.019, 0.033]
current time = 6
residual life    =  [5, 8, 6, 7, 3, 3, 13, 1, 1, 2]
converge at iter_ = 9
x                =  [0.004, 0.027, 0.059000000000000004, 0.074, 0.10200000000000001, 0.033, 0.004, 0.10400000000000001, 0.10400000000000001, 0.13]
current time = 7
residual life    =  [12, 6, 7, 3, 1, 10, 4, 1, 2, 3]
converge at iter_ = 9
x                =  [0.002, 0.011, 0.023, 0.034, 0.05, 0.013000000000000001, 0.0, 0.06, 0.06, 0.093]
current time = 8
residual life    =  [10, 7, 3, 1, 4, 1, 4, 1, 3, 1]
converge at iter_ = 9
x                =  [0.09, 0.23700000000000002, 0.311, 0.316, 0.373, 0.213, 0.107, 0.382, 0.366, 0.422]
current time = 9
residual life    =  [12, 3, 1, 5, 0, 1, 6, 2, 1, 1]
converge at iter_ = 9
x                =  [0.317, 0.862, 0.912, 0.92, 1.0, 0.8250000000000001, 0.493, 0.9580000000000001, 0.9540000000000001, 0.9560000000000001]
current time = 10
residual life    =  [6, 10, 14, 7, 7, 12, 7, 8, 9, 11]
converge at iter_ = 9
x                =  [0.013000000000000001, 0.0, 0.0, 0.0, 0.0, 0.0, 0.013000000000000001, 0.0, 0.0, 0.0]
current time = 11
residual life    =  [3, 14, 6, 6, 8, 14, 4, 8, 12, 7]
converge at iter_ = 9
x                =  [0.015, 0.0, 0.0, 0.0, 0.0, 0.0, 0.017, 0.0, 0.0, 0.0]
current time = 12
residual life    =  [9, 7, 6, 8, 9, 9, 4, 10, 7, 7]
converge at iter_ = 9
x                =  [0.021, 0.0, 0.0, 0.0, 0.0, 0.0, 0.031, 0.0, 0.0, 0.002]
current time = 13
residual life    =  [1, 7, 7, 9, 5, 9, 7, 6, 7, 10]
converge at iter_ = 9
x                =  [0.036000000000000004, 0.0, 0.0, 0.0, 0.0, 0.0, 0.043000000000000003, 0.006, 0.007, 0.012]
current time = 14
residual life    =  [1, 8, 8, 6, 5, 13, 3, 5, 11, 8]
converge at iter_ = 9
x                =  [0.043000000000000003, 0.0, 0.002, 0.005, 0.008, 0.0, 0.058, 0.014, 0.013000000000000001, 0.017]
current time = 15
residual life    =  [2, 9, 5, 5, 7, 8, 2, 9, 8, 4]
converge at iter_ = 9
x                =  [0.077, 0.001, 0.01, 0.012, 0.023, 0.013000000000000001, 0.11900000000000001, 0.028, 0.026000000000000002, 0.052000000000000005]
current time = 16
residual life    =  [4, 6, 5, 8, 4, 7, 6, 7, 4, 3]
converge at iter_ = 9
x                =  [0.308, 0.146, 0.258, 0.262, 0.276, 0.11900000000000001, 0.365, 0.281, 0.278, 0.296]
current time = 17
residual life    =  [1, 5, 7, 4, 3, 13, 4, 3, 3, 2]
converge at iter_ = 9
x                =  [0.493, 0.38, 0.454, 0.453, 0.467, 0.333, 0.518, 0.48, 0.47400000000000003, 0.503]
current time = 18
residual life    =  [2, 8, 4, 3, 6, 10, 16, 2, 2, 10]
converge at iter_ = 9
x                =  [0.328, 0.225, 0.26, 0.269, 0.315, 0.202, 0.001, 0.317, 0.305, 0.04]
current time = 19
residual life    =  [4, 4, 3, 7, 4, 4, 15, 2, 3, 7]
converge at iter_ = 9
x                =  [0.65, 0.514, 0.61, 0.619, 0.65, 0.47400000000000003, 0.016, 0.658, 0.647, 0.267]
current time = 20
residual life    =  [17, 13, 16, 14, 10, 4, 14, 11, 9, 6]
converge at iter_ = 9
x                =  [0.0, 0.0, 0.0, 0.0, 0.0, 0.045, 0.0, 0.0, 0.0, 0.002]
groupResult = 
[0, 0, 0, 0, 0, 0, 0, 0, 0, 0, 0, 0, 0, 0, 0, 0, 0, 0, 0, 1, 0]
[0, 0, 0, 0, 0, 0, 0, 0, 0, 1, 0, 0, 0, 0, 0, 0, 0, 0, 0, 1, 0]
[0, 0, 0, 0, 0, 0, 0, 0, 0, 1, 0, 0, 0, 0, 0, 0, 0, 0, 0, 1, 0]
[0, 0, 0, 0, 0, 0, 0, 0, 0, 1, 0, 0, 0, 0, 0, 0, 0, 0, 0, 1, 0]
[0, 0, 0, 0, 0, 0, 0, 0, 0, 2, 0, 0, 0, 0, 0, 0, 0, 0, 0, 1, 0]
[0, 0, 0, 0, 0, 0, 0, 0, 0, 1, 0, 0, 0, 0, 0, 0, 0, 0, 0, 0, 0]
[0, 0, 0, 0, 0, 0, 0, 0, 0, 0, 0, 0, 0, 0, 0, 0, 0, 1, 0, 0, 0]
[0, 0, 0, 0, 0, 0, 0, 0, 0, 1, 0, 0, 0, 0, 0, 0, 0, 0, 0, 1, 0]
[0, 0, 0, 0, 0, 0, 0, 0, 0, 1, 0, 0, 0, 0, 0, 0, 0, 0, 0, 1, 0]
[0, 0, 0, 0, 0, 0, 0, 0, 0, 1, 0, 0, 0, 0, 0, 0, 0, 1, 0, 0, 0]
cost             = 330
cost[1] = 330
time             = 59938
cost
[330.2]
average cost
330.2
=============================================
