=============Heuristic=====================
==============scale, d, ccr==================
==================LHH========================
[9, 20] 100 [6, 16]
current time = 1
residual life    =  [17, 14, 9, 7, 11, 7, 11, 7, 10, 6]
converge at iter_ = 1
x                =  [0.0, 0.0, 0.0, 0.0, 0.0, 0.0, 0.0, 0.0, 0.0, 0.0]
current time = 2
residual life    =  [19, 10, 6, 11, 4, 7, 13, 8, 6, 6]
converge at iter_ = 9
x                =  [0.0, 0.0, 0.0, 0.0, 0.0, 0.0, 0.0, 0.0, 0.0, 0.002]
current time = 3
residual life    =  [13, 7, 11, 4, 4, 9, 14, 5, 6, 8]
converge at iter_ = 9
x                =  [0.0, 0.0, 0.0, 0.0, 0.0, 0.0, 0.0, 0.006, 0.007, 0.012]
current time = 4
residual life    =  [9, 11, 3, 4, 5, 11, 11, 5, 9, 5]
converge at iter_ = 9
x                =  [0.0, 0.0, 0.002, 0.005, 0.008, 0.0, 0.0, 0.013000000000000001, 0.013000000000000001, 0.017]
current time = 5
residual life    =  [16, 4, 3, 5, 6, 6, 10, 7, 5, 4]
converge at iter_ = 9
x                =  [0.0, 0.0, 0.009000000000000001, 0.01, 0.013000000000000001, 0.007, 0.0, 0.02, 0.019, 0.033]
current time = 6
residual life    =  [5, 4, 4, 6, 3, 6, 14, 3, 4, 7]
converge at iter_ = 9
x                =  [0.004, 0.027, 0.059000000000000004, 0.074, 0.10200000000000001, 0.033, 0.004, 0.10400000000000001, 0.10400000000000001, 0.13]
current time = 7
residual life    =  [5, 5, 5, 3, 2, 10, 9, 3, 8, 5]
converge at iter_ = 9
x                =  [0.002, 0.011, 0.023, 0.034, 0.05, 0.013000000000000001, 0.0, 0.06, 0.06, 0.093]
current time = 8
residual life    =  [8, 6, 2, 3, 4, 5, 8, 6, 5, 2]
converge at iter_ = 9
x                =  [0.09, 0.23700000000000002, 0.311, 0.316, 0.373, 0.213, 0.107, 0.382, 0.366, 0.422]
current time = 9
residual life    =  [10, 3, 2, 5, 2, 5, 13, 4, 2, 1]
converge at iter_ = 9
x                =  [0.098, 0.35100000000000003, 0.41100000000000003, 0.422, 0.47700000000000004, 0.323, 0.185, 0.481, 0.464, 0.518]
current time = 10
residual life    =  [6, 3, 5, 2, 1, 10, 10, 1, 1, 8]
converge at iter_ = 9
x                =  [0.28300000000000003, 0.601, 0.648, 0.653, 0.6940000000000001, 0.5750000000000001, 0.452, 0.6950000000000001, 0.682, 0.201]
current time = 11
residual life    =  [6, 16, 11, 11, 14, 18, 5, 9, 9, 9]
converge at iter_ = 9
x                =  [0.015, 0.0, 0.0, 0.0, 0.0, 0.0, 0.017, 0.0, 0.0, 0.0]
current time = 12
residual life    =  [10, 12, 10, 15, 12, 12, 5, 8, 10, 6]
converge at iter_ = 9
x                =  [0.021, 0.0, 0.0, 0.0, 0.0, 0.0, 0.031, 0.0, 0.0, 0.002]
current time = 13
residual life    =  [5, 11, 14, 12, 8, 11, 4, 9, 7, 5]
converge at iter_ = 9
x                =  [0.033, 0.0, 0.0, 0.0, 0.0, 0.0, 0.041, 0.0, 0.0, 0.013000000000000001]
current time = 14
residual life    =  [4, 14, 12, 8, 7, 10, 4, 5, 6, 7]
converge at iter_ = 9
x                =  [0.043000000000000003, 0.0, 0.0, 0.0, 0.0, 0.0, 0.059000000000000004, 0.006, 0.007, 0.017]
current time = 15
residual life    =  [10, 12, 7, 7, 6, 11, 2, 5, 8, 4]
converge at iter_ = 9
x                =  [0.085, 0.0, 0.007, 0.008, 0.017, 0.005, 0.131, 0.026000000000000002, 0.028, 0.067]
current time = 16
residual life    =  [7, 8, 6, 6, 6, 7, 1, 6, 5, 4]
converge at iter_ = 9
x                =  [0.20800000000000002, 0.039, 0.08700000000000001, 0.10300000000000001, 0.14200000000000002, 0.056, 0.23700000000000002, 0.154, 0.152, 0.198]
current time = 17
residual life    =  [2, 7, 5, 6, 3, 7, 3, 4, 5, 2]
converge at iter_ = 9
x                =  [0.342, 0.23, 0.254, 0.264, 0.28500000000000003, 0.20700000000000002, 0.404, 0.295, 0.28600000000000003, 0.34700000000000003]
current time = 18
residual life    =  [2, 6, 6, 3, 3, 9, 1, 4, 2, 5]
converge at iter_ = 9
x                =  [0.715, 0.625, 0.665, 0.675, 0.6930000000000001, 0.461, 0.752, 0.6970000000000001, 0.683, 0.719]
current time = 19
residual life    =  [17, 14, 10, 10, 11, 6, 17, 9, 14, 9]
converge at iter_ = 9
x                =  [0.0, 0.0, 0.0, 0.0, 0.0, 0.019, 0.0, 0.0, 0.0, 0.0]
current time = 20
residual life    =  [18, 11, 10, 12, 9, 6, 15, 12, 9, 9]
converge at iter_ = 9
x                =  [0.0, 0.0, 0.0, 0.0, 0.0, 0.033, 0.0, 0.0, 0.0, 0.0]
groupResult = 
[0, 0, 0, 0, 0, 0, 0, 0, 0, 0, 0, 0, 0, 0, 0, 0, 0, 0, 1, 0, 0]
[0, 0, 0, 0, 0, 0, 0, 0, 0, 0, 1, 0, 0, 0, 0, 0, 0, 0, 1, 0, 0]
[0, 0, 0, 0, 0, 0, 0, 0, 0, 0, 1, 0, 0, 0, 0, 0, 0, 0, 1, 0, 0]
[0, 0, 0, 0, 0, 0, 0, 0, 0, 0, 1, 0, 0, 0, 0, 0, 0, 0, 1, 0, 0]
[0, 0, 0, 0, 0, 0, 0, 0, 0, 0, 1, 0, 0, 0, 0, 0, 0, 0, 1, 0, 0]
[0, 0, 0, 0, 0, 0, 0, 0, 0, 0, 1, 0, 0, 0, 0, 0, 0, 0, 0, 0, 0]
[0, 0, 0, 0, 0, 0, 0, 0, 0, 0, 0, 0, 0, 0, 0, 0, 0, 0, 1, 0, 0]
[0, 0, 0, 0, 0, 0, 0, 0, 0, 0, 1, 0, 0, 0, 0, 0, 0, 0, 1, 0, 0]
[0, 0, 0, 0, 0, 0, 0, 0, 0, 0, 1, 0, 0, 0, 0, 0, 0, 0, 1, 0, 0]
[0, 0, 0, 0, 0, 0, 0, 0, 0, 1, 0, 0, 0, 0, 0, 0, 0, 0, 1, 0, 0]
cost             = 317
cost[1] = 317
time             = 58921
cost
[317]
average cost
317.0
=============================================
