converge for t1=1,t2=1
('A=', [[1, 0, 0, 0, 0, 0, 1, 0, 0, 0, 0], [1, 1, 0, 1, 0, 0, 1, 0, 0, 1, 0], [1, 1, 0, 1, 1, 1, 1, 1, 0, 1, 0], [1, 1, 0, 1, 1, 1, 1, 1, 0, 1, 0]])
('B=', [[11, 3], [11, 2], [11, 0], [12, 1]])
('t=', [6, 9, 9, 9])
('cost=', 63)
('optimal t1=', 1)
('optimal t2=', 1)
('optimal A=', [[1, 0, 0, 0, 0, 0, 1, 0, 0, 0, 0], [1, 1, 0, 1, 0, 0, 1, 0, 0, 1, 0], [1, 1, 0, 1, 1, 1, 1, 1, 0, 1, 0], [1, 1, 0, 1, 1, 1, 1, 1, 0, 1, 0]])
('optimal cost=', 63)
converge for t1=1,t2=2
('A=', [[1, 0, 0, 0, 1, 0, 0, 1, 0, 1, 0], [1, 1, 0, 1, 1, 1, 1, 1, 0, 1, 0], [1, 1, 0, 1, 1, 1, 1, 1, 0, 1, 0], [1, 1, 0, 1, 1, 1, 1, 1, 0, 1, 0]])
('B=', [[11, 3], [11, 2], [12, 1], [15, 0]])
('t=', [9, 9, 9, 9])
('cost=', 68)
converge for t1=1,t2=3
('A=', [[1, 0, 0, 1, 0, 1, 1, 0, 0, 1, 0], [1, 1, 0, 1, 1, 1, 1, 1, 0, 1, 0], [1, 1, 0, 1, 1, 1, 1, 1, 0, 1, 0], [1, 1, 0, 1, 1, 1, 1, 1, 0, 1, 0]])
('B=', [[11, 3], [11, 2], [12, 1], [15, 0]])
('t=', [9, 9, 9, 9])
('cost=', 69)
converge for t1=1,t2=4
('A=', [[1, 0, 0, 1, 1, 1, 0, 1, 0, 1, 0], [1, 1, 0, 1, 1, 1, 1, 1, 0, 1, 0], [1, 1, 0, 1, 1, 1, 1, 1, 0, 1, 0], [1, 1, 0, 1, 1, 1, 1, 1, 0, 1, 0]])
('B=', [[11, 3], [11, 2], [12, 1], [14, 0]])
('t=', [9, 9, 9, 9])
('cost=', 70)
converge for t1=2,t2=1
('A=', [[1, 0, 0, 0, 1, 0, 0, 1, 0, 1, 0], [1, 1, 1, 1, 1, 1, 1, 1, 1, 1, 1], [1, 1, 1, 1, 1, 1, 1, 1, 1, 1, 1], [1, 1, 1, 1, 1, 1, 1, 1, 1, 1, 1]])
('B=', [[11, 2], [11, 3], [11, 1], [14, 0]])
('t=', [9, 10, 10, 10])
('cost=', 92)
converge for t1=2,t2=2
('A=', [[1, 0, 0, 1, 0, 1, 1, 0, 0, 1, 0], [1, 1, 1, 1, 1, 1, 1, 1, 1, 1, 1], [1, 1, 1, 1, 1, 1, 1, 1, 1, 1, 1], [1, 1, 1, 1, 1, 1, 1, 1, 1, 1, 1]])
('B=', [[11, 2], [11, 3], [11, 1], [14, 0]])
('t=', [9, 10, 10, 10])
('cost=', 93)
converge for t1=2,t2=3
('A=', [[1, 0, 1, 1, 1, 0, 1, 0, 1, 1, 1], [1, 1, 1, 1, 1, 1, 1, 1, 1, 1, 1], [1, 1, 1, 1, 1, 1, 1, 1, 1, 1, 1], [1, 1, 1, 1, 1, 1, 1, 1, 1, 1, 1]])
('B=', [[11, 2], [11, 3], [11, 1], [15, 0]])
('t=', [10, 10, 10, 10])
('cost=', 96)
converge for t1=2,t2=4
('A=', [[1, 1, 1, 1, 1, 1, 1, 1, 1, 1, 1], [1, 1, 1, 1, 1, 1, 1, 1, 1, 1, 1], [1, 1, 1, 1, 1, 1, 1, 1, 1, 1, 1], [1, 1, 1, 1, 1, 1, 1, 1, 1, 1, 1]])
('B=', [[11, 2], [11, 3], [11, 1], [16, 0]])
('t=', [10, 10, 10, 10])
('cost=', 99)
converge for t1=3,t2=1
('A=', [[1, 0, 0, 1, 0, 1, 1, 0, 0, 1, 0], [1, 1, 1, 1, 1, 1, 1, 1, 1, 1, 1], [1, 1, 1, 1, 1, 1, 1, 1, 1, 1, 1], [1, 1, 1, 1, 1, 1, 1, 1, 1, 1, 1]])
('B=', [[11, 1], [11, 2], [11, 3], [13, 0]])
('t=', [9, 10, 10, 10])
('cost=', 93)
converge for t1=3,t2=2
('A=', [[1, 0, 1, 1, 1, 0, 1, 0, 1, 1, 1], [1, 1, 1, 1, 1, 1, 1, 1, 1, 1, 1], [1, 1, 1, 1, 1, 1, 1, 1, 1, 1, 1], [1, 1, 1, 1, 1, 1, 1, 1, 1, 1, 1]])
('B=', [[11, 1], [11, 2], [11, 3], [14, 0]])
('t=', [10, 10, 10, 10])
('cost=', 96)
converge for t1=3,t2=3
('A=', [[1, 1, 1, 1, 1, 1, 1, 1, 1, 1, 1], [1, 1, 1, 1, 1, 1, 1, 1, 1, 1, 1], [1, 1, 1, 1, 1, 1, 1, 1, 1, 1, 1], [1, 1, 1, 1, 1, 1, 1, 1, 1, 1, 1]])
('B=', [[11, 1], [11, 2], [11, 3], [15, 0]])
('t=', [10, 10, 10, 10])
('cost=', 99)
converge for t1=3,t2=4
('A=', [[1, 1, 1, 1, 1, 1, 1, 1, 1, 1, 1], [1, 1, 1, 1, 1, 1, 1, 1, 1, 1, 1], [1, 1, 1, 1, 1, 1, 1, 1, 1, 1, 1], [1, 1, 1, 1, 1, 1, 1, 1, 1, 1, 1]])
('B=', [[11, 1], [11, 2], [11, 3], [15, 0]])
('t=', [10, 10, 10, 10])
('cost=', 99)
converge for t1=4,t2=1
('A=', [[1, 0, 1, 1, 1, 0, 1, 0, 1, 1, 1], [1, 1, 1, 1, 1, 1, 1, 1, 1, 1, 1], [1, 1, 1, 1, 1, 1, 1, 1, 1, 1, 1], [1, 1, 1, 1, 1, 1, 1, 1, 1, 1, 1]])
('B=', [[11, 1], [11, 2], [11, 3], [13, 0]])
('t=', [10, 10, 10, 10])
('cost=', 96)
converge for t1=4,t2=2
('A=', [[1, 1, 1, 1, 1, 1, 1, 1, 1, 1, 1], [1, 1, 1, 1, 1, 1, 1, 1, 1, 1, 1], [1, 1, 1, 1, 1, 1, 1, 1, 1, 1, 1], [1, 1, 1, 1, 1, 1, 1, 1, 1, 1, 1]])
('B=', [[11, 1], [11, 2], [11, 3], [14, 0]])
('t=', [10, 10, 10, 10])
('cost=', 99)
converge for t1=4,t2=3
('A=', [[1, 1, 1, 1, 1, 1, 1, 1, 1, 1, 1], [1, 1, 1, 1, 1, 1, 1, 1, 1, 1, 1], [1, 1, 1, 1, 1, 1, 1, 1, 1, 1, 1], [1, 1, 1, 1, 1, 1, 1, 1, 1, 1, 1]])
('B=', [[11, 1], [11, 2], [11, 3], [14, 0]])
('t=', [10, 10, 10, 10])
('cost=', 99)
converge for t1=4,t2=4
('A=', [[1, 1, 1, 1, 1, 1, 1, 1, 1, 1, 1], [1, 1, 1, 1, 1, 1, 1, 1, 1, 1, 1], [1, 1, 1, 1, 1, 1, 1, 1, 1, 1, 1], [1, 1, 1, 1, 1, 1, 1, 1, 1, 1, 1]])
('B=', [[11, 1], [11, 2], [11, 3], [14, 0]])
('t=', [10, 10, 10, 10])
('cost=', 99)
