=============Heuristic=====================
==============scale, d, ccr==================
==================LHH========================
[1, 8] 5 [6, 16]
current time = 1
residual life    =  [5, 3, 3, 2, 1, 5, 6, 1, 1, 0]
converge at iter_ = 8
x                =  [1.0, 1.0, 1.0, 1.0, 1.0, 1.0, 1.0, 1.0, 1.0, 1.0]
current time = 2
residual life    =  [6, 5, 3, 3, 3, 6, 6, 2, 2, 1]
converge at iter_ = 9
x                =  [0.073, 0.41200000000000003, 0.41300000000000003, 0.442, 0.525, 0.36, 0.114, 0.5740000000000001, 0.549, 0.865]
current time = 3
residual life    =  [7, 3, 2, 3, 2, 3, 5, 2, 2, 1]
converge at iter_ = 9
x                =  [0.9480000000000001, 0.9500000000000001, 0.9520000000000001, 0.9520000000000001, 0.9530000000000001, 0.9500000000000001, 0.9480000000000001, 0.9500000000000001, 0.9530000000000001, 0.9570000000000001]
current time = 4
residual life    =  [7, 4, 4, 3, 2, 4, 6, 2, 2, 1]
converge at iter_ = 9
x                =  [0.068, 0.361, 0.41500000000000004, 0.43, 0.521, 0.28700000000000003, 0.108, 0.542, 0.529, 0.843]
current time = 5
residual life    =  [6, 4, 3, 2, 2, 3, 6, 2, 2, 1]
converge at iter_ = 9
x                =  [0.917, 0.9520000000000001, 0.9530000000000001, 0.9530000000000001, 0.9530000000000001, 0.9510000000000001, 0.917, 0.9520000000000001, 0.9550000000000001, 0.9570000000000001]
current time = 6
residual life    =  [9, 5, 3, 3, 2, 5, 6, 2, 2, 1]
converge at iter_ = 9
x                =  [0.064, 0.404, 0.404, 0.418, 0.501, 0.324, 0.101, 0.524, 0.509, 0.8140000000000001]
current time = 7
residual life    =  [8, 3, 2, 2, 2, 3, 5, 2, 2, 1]
converge at iter_ = 9
x                =  [0.9580000000000001, 0.9580000000000001, 0.9580000000000001, 0.9580000000000001, 0.9580000000000001, 0.9580000000000001, 0.9580000000000001, 0.9580000000000001, 0.9580000000000001, 0.9580000000000001]
current time = 8
residual life    =  [7, 4, 3, 3, 2, 4, 7, 2, 2, 1]
converge at iter_ = 9
x                =  [0.06, 0.304, 0.372, 0.354, 0.47000000000000003, 0.246, 0.097, 0.498, 0.47600000000000003, 0.734]
current time = 9
residual life    =  [6, 3, 2, 1, 1, 4, 5, 1, 1, 2]
converge at iter_ = 8
x                =  [1.0, 1.0, 1.0, 1.0, 1.0, 1.0, 1.0, 1.0, 1.0, 1.0]
current time = 10
residual life    =  [7, 4, 3, 2, 2, 4, 6, 2, 3, 1]
converge at iter_ = 9
x                =  [0.033, 0.263, 0.334, 0.335, 0.382, 0.262, 0.066, 0.384, 0.385, 0.646]
current time = 11
residual life    =  [6, 3, 2, 2, 1, 4, 5, 1, 1, 1]
converge at iter_ = 8
x                =  [1.0, 1.0, 1.0, 1.0, 1.0, 1.0, 1.0, 1.0, 1.0, 1.0]
current time = 12
residual life    =  [6, 4, 3, 3, 2, 4, 8, 2, 2, 1]
converge at iter_ = 9
x                =  [0.001, 0.10300000000000001, 0.163, 0.158, 0.211, 0.05, 0.002, 0.225, 0.215, 0.486]
current time = 13
residual life    =  [5, 3, 2, 2, 1, 5, 5, 1, 0, 0]
converge at iter_ = 8
x                =  [1.0, 1.0, 1.0, 1.0, 1.0, 1.0, 1.0, 1.0, 1.0, 1.0]
current time = 14
residual life    =  [8, 4, 3, 2, 2, 4, 7, 1, 2, 1]
converge at iter_ = 9
x                =  [0.003, 0.073, 0.155, 0.157, 0.166, 0.054, 0.006, 0.163, 0.17, 0.23]
current time = 15
residual life    =  [6, 3, 2, 3, 1, 4, 4, 1, 1, 1]
converge at iter_ = 8
x                =  [1.0, 1.0, 1.0, 1.0, 1.0, 1.0, 1.0, 1.0, 1.0, 1.0]
current time = 16
residual life    =  [7, 4, 4, 3, 2, 3, 6, 2, 2, 1]
converge at iter_ = 9
x                =  [0.0, 0.0, 0.002, 0.002, 0.023, 0.0, 0.0, 0.026000000000000002, 0.029, 0.059000000000000004]
current time = 17
residual life    =  [5, 4, 2, 2, 0, 4, 5, 1, 1, 0]
converge at iter_ = 9
x                =  [1.0, 1.0, 1.0, 1.0, 1.0, 1.0, 1.0, 1.0, 1.0, 1.0]
current time = 18
residual life    =  [9, 4, 3, 2, 2, 4, 7, 2, 2, 1]
converge at iter_ = 9
x                =  [0.0, 0.0, 0.0, 0.0, 0.0, 0.0, 0.0, 0.002, 0.002, 0.017]
current time = 19
residual life    =  [6, 3, 1, 2, 1, 5, 5, 1, 0, 0]
converge at iter_ = 9
x                =  [1.0, 1.0, 1.0, 1.0, 1.0, 1.0, 1.0, 1.0, 1.0, 1.0]
current time = 20
residual life    =  [8, 3, 3, 3, 2, 4, 7, 1, 2, 1]
converge at iter_ = 9
x                =  [0.0, 0.0, 0.0, 0.0, 0.0, 0.0, 0.0, 0.002, 0.002, 0.017]
groupResult = 
[0, 1, 0, 1, 0, 1, 0, 1, 0, 1, 0, 1, 0, 1, 0, 1, 0, 1, 0, 1, 0]
[0, 1, 0, 1, 0, 1, 0, 1, 0, 1, 0, 1, 0, 1, 0, 1, 0, 1, 0, 1, 0]
[0, 1, 0, 1, 0, 1, 0, 1, 0, 1, 0, 1, 0, 1, 0, 1, 0, 1, 0, 1, 0]
[0, 1, 0, 1, 0, 1, 0, 1, 0, 1, 0, 1, 0, 1, 0, 1, 0, 1, 0, 1, 0]
[0, 1, 1, 1, 1, 1, 1, 1, 0, 1, 0, 1, 0, 1, 0, 1, 0, 2, 0, 1, 0]
[0, 1, 0, 1, 0, 1, 0, 1, 0, 1, 0, 1, 0, 1, 0, 1, 0, 1, 0, 1, 0]
[0, 1, 0, 1, 0, 1, 0, 1, 0, 1, 0, 1, 0, 1, 0, 1, 0, 1, 0, 1, 0]
[0, 1, 1, 1, 1, 1, 1, 1, 0, 1, 0, 1, 0, 1, 0, 1, 0, 1, 0, 1, 0]
[0, 1, 1, 1, 1, 1, 1, 1, 0, 1, 0, 1, 0, 2, 0, 1, 0, 1, 0, 2, 0]
[0, 2, 1, 1, 1, 1, 1, 1, 1, 1, 1, 1, 0, 2, 0, 1, 0, 2, 0, 2, 0]
cost             = 273
cost[1] = 273
time             = 374904
cost
[273.2]
average cost
273.2
=============================================
