=============Heuristic=====================
==============scale, d, ccr==================
==================LHH========================
[1, 8] 100 [6, 16]
current time = 1
residual life    =  [5, 3, 3, 2, 1, 5, 6, 1, 1, 0]
converge at iter_ = 8
x                =  [1.0, 1.0, 1.0, 1.0, 1.0, 1.0, 1.0, 1.0, 1.0, 1.0]
current time = 2
residual life    =  [6, 5, 3, 3, 3, 6, 6, 2, 2, 1]
converge at iter_ = 9
x                =  [0.041, 0.298, 0.356, 0.362, 0.41300000000000003, 0.258, 0.069, 0.426, 0.417, 0.5710000000000001]
current time = 3
residual life    =  [7, 3, 2, 3, 1, 3, 5, 1, 1, 1]
converge at iter_ = 9
x                =  [1.0, 1.0, 1.0, 1.0, 1.0, 1.0, 1.0, 1.0, 1.0, 1.0]
current time = 4
residual life    =  [7, 4, 4, 3, 2, 4, 6, 2, 2, 1]
converge at iter_ = 9
x                =  [0.0, 0.0, 0.0, 0.0, 0.0, 0.0, 0.0, 0.002, 0.002, 0.018000000000000002]
current time = 5
residual life    =  [6, 4, 3, 2, 1, 3, 6, 1, 1, 0]
converge at iter_ = 8
x                =  [1.0, 1.0, 1.0, 1.0, 1.0, 1.0, 1.0, 1.0, 1.0, 1.0]
current time = 6
residual life    =  [9, 5, 3, 3, 2, 5, 6, 2, 2, 1]
converge at iter_ = 9
x                =  [0.0, 0.0, 0.0, 0.0, 0.0, 0.0, 0.0, 0.002, 0.002, 0.017]
current time = 7
residual life    =  [8, 3, 2, 2, 1, 3, 5, 1, 1, 0]
converge at iter_ = 8
x                =  [1.0, 1.0, 1.0, 1.0, 1.0, 1.0, 1.0, 1.0, 1.0, 1.0]
current time = 8
residual life    =  [7, 4, 3, 3, 2, 4, 7, 2, 2, 1]
converge at iter_ = 9
x                =  [0.0, 0.0, 0.0, 0.0, 0.0, 0.0, 0.0, 0.002, 0.002, 0.017]
current time = 9
residual life    =  [6, 3, 2, 1, 1, 4, 5, 1, 1, 1]
converge at iter_ = 8
x                =  [1.0, 1.0, 1.0, 1.0, 1.0, 1.0, 1.0, 1.0, 1.0, 1.0]
current time = 10
residual life    =  [7, 4, 3, 2, 2, 4, 6, 2, 3, 1]
converge at iter_ = 9
x                =  [0.0, 0.0, 0.0, 0.0, 0.0, 0.0, 0.0, 0.003, 0.002, 0.017]
current time = 11
residual life    =  [6, 3, 2, 2, 1, 4, 5, 1, 1, 0]
converge at iter_ = 8
x                =  [1.0, 1.0, 1.0, 1.0, 1.0, 1.0, 1.0, 1.0, 1.0, 1.0]
current time = 12
residual life    =  [6, 4, 3, 3, 2, 4, 8, 2, 2, 1]
converge at iter_ = 9
x                =  [0.0, 0.0, 0.0, 0.0, 0.0, 0.0, 0.0, 0.002, 0.002, 0.017]
current time = 13
residual life    =  [5, 3, 2, 2, 1, 5, 5, 1, 0, 0]
converge at iter_ = 8
x                =  [1.0, 1.0, 1.0, 1.0, 1.0, 1.0, 1.0, 1.0, 1.0, 1.0]
current time = 14
residual life    =  [8, 4, 3, 2, 2, 4, 7, 1, 2, 1]
converge at iter_ = 9
x                =  [0.0, 0.0, 0.0, 0.0, 0.0, 0.0, 0.0, 0.002, 0.002, 0.017]
current time = 15
residual life    =  [6, 3, 2, 3, 1, 4, 4, 1, 1, 1]
converge at iter_ = 8
x                =  [1.0, 1.0, 1.0, 1.0, 1.0, 1.0, 1.0, 1.0, 1.0, 1.0]
current time = 16
residual life    =  [7, 4, 4, 3, 2, 3, 6, 2, 2, 1]
converge at iter_ = 9
x                =  [0.0, 0.0, 0.0, 0.0, 0.0, 0.0, 0.0, 0.002, 0.002, 0.017]
current time = 17
residual life    =  [5, 4, 2, 2, 0, 4, 5, 1, 1, 0]
converge at iter_ = 9
x                =  [1.0, 1.0, 1.0, 1.0, 1.0, 1.0, 1.0, 1.0, 1.0, 1.0]
current time = 18
residual life    =  [9, 4, 3, 2, 2, 4, 7, 2, 2, 1]
converge at iter_ = 9
x                =  [0.0, 0.0, 0.0, 0.0, 0.0, 0.0, 0.0, 0.002, 0.002, 0.017]
current time = 19
residual life    =  [6, 3, 1, 2, 1, 5, 5, 1, 0, 0]
converge at iter_ = 9
x                =  [1.0, 1.0, 1.0, 1.0, 1.0, 1.0, 1.0, 1.0, 1.0, 1.0]
current time = 20
residual life    =  [8, 3, 3, 3, 2, 4, 7, 1, 2, 1]
converge at iter_ = 9
x                =  [0.0, 0.0, 0.0, 0.0, 0.0, 0.0, 0.0, 0.002, 0.002, 0.017]
groupResult = 
[0, 1, 0, 1, 0, 1, 0, 1, 0, 1, 0, 1, 0, 1, 0, 1, 0, 1, 0, 1, 0]
[0, 1, 0, 1, 0, 1, 0, 1, 0, 1, 0, 1, 0, 1, 0, 1, 0, 1, 0, 1, 0]
[0, 1, 0, 1, 0, 1, 0, 1, 0, 1, 0, 1, 0, 1, 0, 1, 0, 1, 0, 1, 0]
[0, 1, 0, 1, 0, 1, 0, 1, 0, 1, 0, 1, 0, 1, 0, 1, 0, 1, 0, 1, 0]
[0, 1, 0, 1, 0, 1, 0, 1, 0, 1, 0, 1, 0, 1, 0, 1, 0, 2, 0, 1, 0]
[0, 1, 0, 1, 0, 1, 0, 1, 0, 1, 0, 1, 0, 1, 0, 1, 0, 1, 0, 1, 0]
[0, 1, 0, 1, 0, 1, 0, 1, 0, 1, 0, 1, 0, 1, 0, 1, 0, 1, 0, 1, 0]
[0, 1, 0, 1, 0, 1, 0, 1, 0, 1, 0, 1, 0, 1, 0, 1, 0, 1, 0, 1, 0]
[0, 1, 0, 1, 0, 1, 0, 1, 0, 1, 0, 1, 0, 2, 0, 1, 0, 1, 0, 2, 0]
[0, 2, 1, 1, 0, 2, 0, 2, 0, 1, 0, 2, 0, 2, 0, 1, 0, 2, 0, 2, 0]
cost             = 1318
cost[1] = 1318
time             = 456004
cost
[1318.2]
average cost
1318.2
=============================================
