==================xs====================

 i=1

 r=1
1 1 1 1 1 1 1 1 1 1 1 
 r=2
0 1 1 1 1 1 1 1 1 1 1 
 r=3
0 0 1 1 1 1 1 1 1 1 1 
 r=4
0 0 0 1 1 1 1 1 1 1 1 
 r=5
0 0 0 0 1 1 1 1 1 1 1 
 r=6
0 0 0 0 0 1 1 1 1 1 1 
 r=7
0 0 0 0 0 0 1 1 1 1 1 
 r=8
0 0 0 0 0 0 0 1 1 1 1 
 r=9
0 0 0 0 0 0 0 0 1 1 1 
 r=10
0 0 0 0 0 0 0 0 0 1 1 
 r=11
0 0 0 0 0 0 0 0 0 0 1 
 i=2

 r=1
0 1 1 1 1 1 1 1 1 1 1 
 r=2
0 0 1 1 1 1 1 1 1 1 1 
 r=3
0 0 0 1 1 1 1 1 1 1 1 
 r=4
0 0 0 0 1 1 1 1 1 1 1 
 r=5
0 0 0 0 0 1 1 1 1 1 1 
 r=6
0 0 0 0 0 0 1 1 1 1 1 
 r=7
0 0 0 0 0 0 0 1 1 1 1 
 r=8
0 0 0 0 0 0 0 0 1 1 1 
 r=9
0 0 0 0 0 0 0 0 0 1 1 
 r=10
0 0 0 0 0 0 0 0 0 0 0 
 r=11
0 0 0 0 0 0 0 0 0 0 0 
 i=3

 r=1
0 0 1 1 1 1 1 1 1 1 1 
 r=2
0 0 0 0 1 1 1 1 1 1 1 
 r=3
0 0 0 0 0 0 1 1 1 1 1 
 r=4
0 0 0 0 0 0 0 0 1 1 1 
 r=5
0 0 0 0 0 0 0 0 0 0 0 
 r=6
0 0 0 0 0 0 0 0 0 0 0 
 r=7
0 0 0 0 0 0 0 0 0 0 0 
 r=8
0 0 0 0 0 0 0 0 0 0 0 
 r=9
0 0 0 0 0 0 0 0 0 0 0 
 r=10
0 0 0 0 0 0 0 0 0 0 0 
 r=11
0 0 0 0 0 0 0 0 0 0 0 
 i=4

 r=1
0 0 0 1 1 1 1 1 1 1 1 
 r=2
0 0 0 0 0 1 1 1 1 1 1 
 r=3
0 0 0 0 0 0 0 0 1 1 1 
 r=4
0 0 0 0 0 0 0 0 0 0 0 
 r=5
0 0 0 0 0 0 0 0 0 0 0 
 r=6
0 0 0 0 0 0 0 0 0 0 0 
 r=7
0 0 0 0 0 0 0 0 0 0 0 
 r=8
0 0 0 0 0 0 0 0 0 0 0 
 r=9
0 0 0 0 0 0 0 0 0 0 0 
 r=10
0 0 0 0 0 0 0 0 0 0 0 
 r=11
0 0 0 0 0 0 0 0 0 0 0 
==================ws====================

 i=1

 r=1
1 0 0 0 0 0 0 0 0 0 0 0 0 0 0 0 0 0 0 0 0 
 r=2
0 1 0 0 0 0 0 0 0 0 0 0 0 0 0 0 0 0 0 0 0 
 r=3
0 0 1 0 0 0 0 0 0 0 0 0 0 0 0 0 0 0 0 0 0 
 r=4
0 0 0 1 0 0 0 0 0 0 0 0 0 0 0 0 0 0 0 0 0 
 r=5
0 0 0 0 1 0 0 0 0 0 0 0 0 0 0 0 0 0 0 0 0 
 r=6
0 0 0 0 0 1 0 0 0 0 0 0 0 0 0 0 0 0 0 0 0 
 r=7
0 0 0 0 0 0 1 0 0 0 0 0 0 0 0 0 0 0 0 0 0 
 r=8
0 0 0 0 0 0 0 1 0 0 0 0 0 0 0 0 0 0 0 0 0 
 r=9
0 0 0 0 0 0 0 0 1 0 0 0 0 0 0 0 0 0 0 0 0 
 r=10
0 0 0 0 0 0 0 0 0 1 0 0 0 0 0 0 0 0 0 0 0 
 r=11
0 0 0 0 0 0 0 0 0 0 1 0 0 0 0 0 0 0 0 0 0 
 i=2

 r=1
0 1 0 0 0 0 0 0 0 0 0 1 0 0 0 0 0 0 0 0 0 
 r=2
0 0 1 0 0 0 0 0 0 0 0 0 0 0 0 0 0 0 0 0 0 
 r=3
0 0 0 1 0 0 0 0 0 0 0 0 0 0 0 0 0 0 0 0 0 
 r=4
0 0 0 0 1 0 0 0 0 0 0 0 0 0 0 0 0 0 0 0 0 
 r=5
0 0 0 0 0 1 0 0 0 0 0 0 0 0 0 0 0 0 0 0 0 
 r=6
0 0 0 0 0 0 1 0 0 0 0 0 0 0 0 0 0 0 0 0 0 
 r=7
0 0 0 0 0 0 0 1 0 0 0 0 0 0 0 0 0 0 0 0 0 
 r=8
0 0 0 0 0 0 0 0 1 0 0 0 0 0 0 0 0 0 0 0 0 
 r=9
0 0 0 0 0 0 0 0 0 1 0 0 0 0 0 0 0 0 0 0 0 
 r=10
0 0 0 0 0 0 0 0 0 0 0 0 0 0 0 0 0 0 0 0 0 
 r=11
0 0 0 0 0 0 0 0 0 0 0 0 0 0 0 0 0 0 0 0 0 
 i=3

 r=1
0 0 1 0 0 0 0 0 0 0 0 0 1 0 0 0 0 0 0 0 0 
 r=2
0 0 0 0 1 0 0 0 0 0 0 0 0 0 0 0 0 0 0 0 0 
 r=3
0 0 0 0 0 0 1 0 0 0 0 0 0 0 0 0 0 0 0 0 0 
 r=4
0 0 0 0 0 0 0 0 1 0 0 0 0 0 0 0 0 0 0 0 0 
 r=5
0 0 0 0 0 0 0 0 0 0 0 0 0 0 0 0 0 0 0 0 0 
 r=6
0 0 0 0 0 0 0 0 0 0 0 0 0 0 0 0 0 0 0 0 0 
 r=7
0 0 0 0 0 0 0 0 0 0 0 0 0 0 0 0 0 0 0 0 0 
 r=8
0 0 0 0 0 0 0 0 0 0 0 0 0 0 0 0 0 0 0 0 0 
 r=9
0 0 0 0 0 0 0 0 0 0 0 0 0 0 0 0 0 0 0 0 0 
 r=10
0 0 0 0 0 0 0 0 0 0 0 0 0 0 0 0 0 0 0 0 0 
 r=11
0 0 0 0 0 0 0 0 0 0 0 0 0 0 0 0 0 0 0 0 0 
 i=4

 r=1
0 0 0 1 0 0 0 0 0 0 0 0 0 1 0 0 0 0 0 0 0 
 r=2
0 0 0 0 0 1 0 0 0 0 0 0 0 0 0 0 0 0 0 0 0 
 r=3
0 0 0 0 0 0 0 0 1 0 0 0 0 0 0 0 0 0 0 0 0 
 r=4
0 0 0 0 0 0 0 0 0 0 0 0 0 0 0 0 0 0 0 0 0 
 r=5
0 0 0 0 0 0 0 0 0 0 0 0 0 0 0 0 0 0 0 0 0 
 r=6
0 0 0 0 0 0 0 0 0 0 0 0 0 0 0 0 0 0 0 0 0 
 r=7
0 0 0 0 0 0 0 0 0 0 0 0 0 0 0 0 0 0 0 0 0 
 r=8
0 0 0 0 0 0 0 0 0 0 0 0 0 0 0 0 0 0 0 0 0 
 r=9
0 0 0 0 0 0 0 0 0 0 0 0 0 0 0 0 0 0 0 0 0 
 r=10
0 0 0 0 0 0 0 0 0 0 0 0 0 0 0 0 0 0 0 0 0 
 r=11
0 0 0 0 0 0 0 0 0 0 0 0 0 0 0 0 0 0 0 0 0 
==================zs====================
1 1 1 1 1 1 1 1 1 1 
==================(u,v)====================

 i=1

 r=1
(0,0) (0,1) (0,1) (0,1) (0,1) (0,1) (0,1) (0,1) (0,1) (0,1) (0,1) 
 r=2
(0,0) (0,0) (0,0) (0,0) (0,0) (0,0) (0,0) (0,0) (0,0) (0,0) (0,0) 
 r=3
(0,0) (0,0) (0,0) (0,0) (0,0) (0,0) (0,0) (0,0) (0,0) (0,0) (0,0) 
 r=4
(0,0) (0,0) (0,0) (0,0) (0,0) (0,0) (0,0) (0,0) (0,0) (0,0) (0,0) 
 r=5
(0,0) (0,0) (0,0) (0,0) (0,0) (0,0) (0,0) (0,0) (0,0) (0,0) (0,0) 
 r=6
(0,0) (0,0) (0,0) (0,0) (0,0) (0,0) (0,0) (0,0) (0,0) (0,0) (0,0) 
 r=7
(0,0) (0,0) (0,0) (0,0) (0,0) (0,0) (0,0) (0,0) (0,0) (0,0) (0,0) 
 r=8
(0,0) (0,0) (0,0) (0,0) (0,0) (0,0) (0,0) (0,0) (0,0) (0,0) (0,0) 
 r=9
(0,0) (0,0) (0,0) (0,0) (0,0) (0,0) (0,0) (0,0) (0,0) (0,0) (0,0) 
 r=10
(0,0) (0,0) (0,0) (0,0) (0,0) (0,0) (0,0) (0,0) (0,0) (0,0) (0,0) 
 r=11
(0,0) (0,0) (0,0) (0,0) (0,0) (0,0) (0,0) (0,0) (0,0) (0,0) (0,0) 
 i=2

 r=1
(0,1) (0,1) (0,1) (0,1) (0,1) (0,1) (0,1) (0,1) (0,1) (0,0) (0,1) 
 r=2
(1,0) (0,1) (0,0) (0,0) (0,0) (0,0) (0,0) (0,0) (0,0) (0,0) (0,0) 
 r=3
(0,0) (1,0) (0,1) (0,0) (0,0) (0,0) (0,0) (0,0) (0,0) (0,0) (0,0) 
 r=4
(0,0) (0,0) (1,0) (0,1) (0,0) (0,0) (0,0) (0,0) (0,0) (0,0) (0,0) 
 r=5
(0,0) (0,0) (0,0) (1,0) (0,1) (0,0) (0,0) (0,0) (0,0) (0,0) (0,0) 
 r=6
(0,0) (0,0) (0,0) (0,0) (1,0) (0,1) (0,0) (0,0) (0,0) (0,0) (0,0) 
 r=7
(0,0) (0,0) (0,0) (0,0) (0,0) (1,0) (0,1) (0,0) (0,0) (0,0) (0,0) 
 r=8
(0,0) (0,0) (0,0) (0,0) (0,0) (0,0) (1,0) (0,1) (0,0) (0,0) (0,0) 
 r=9
(0,0) (0,0) (0,0) (0,0) (0,0) (0,0) (0,0) (1,0) (0,1) (0,0) (0,0) 
 r=10
(0,0) (0,0) (0,0) (0,0) (0,0) (0,0) (0,0) (0,0) (0,0) (0,1) (0,0) 
 r=11
(0,0) (0,0) (0,0) (0,0) (0,0) (0,0) (0,0) (0,0) (0,0) (0,0) (0,0) 
 i=3

 r=1
(0,1) (0,1) (0,1) (0,1) (0,1) (0,1) (0,1) (0,1) (0,1) (0,0) (0,1) 
 r=2
(0,0) (1,0) (0,1) (0,0) (0,0) (0,0) (0,0) (0,0) (0,0) (0,0) (0,0) 
 r=3
(0,0) (0,0) (0,0) (1,0) (0,1) (0,0) (0,0) (0,0) (0,0) (0,0) (0,0) 
 r=4
(0,0) (0,0) (0,0) (0,0) (0,0) (1,0) (0,1) (0,0) (0,0) (0,0) (0,0) 
 r=5
(0,0) (0,0) (0,0) (0,0) (0,0) (0,0) (0,0) (0,0) (0,1) (0,0) (0,0) 
 r=6
(0,0) (0,0) (0,0) (0,0) (0,0) (0,0) (0,0) (0,0) (0,0) (0,0) (0,0) 
 r=7
(0,0) (0,0) (0,0) (0,0) (0,0) (0,0) (0,0) (0,0) (0,0) (0,0) (0,0) 
 r=8
(0,0) (0,0) (0,0) (0,0) (0,0) (0,0) (0,0) (0,0) (0,0) (0,0) (0,0) 
 r=9
(0,0) (0,0) (0,0) (0,0) (0,0) (0,0) (0,0) (0,0) (0,0) (0,0) (0,0) 
 r=10
(0,0) (0,0) (0,0) (0,0) (0,0) (0,0) (0,0) (0,0) (0,0) (0,0) (0,0) 
 r=11
(0,0) (0,0) (0,0) (0,0) (0,0) (0,0) (0,0) (0,0) (0,0) (0,0) (0,0) 
 i=4

 r=1
(0,1) (0,1) (0,1) (0,1) (0,1) (0,1) (0,1) (0,1) (0,1) (0,0) (0,1) 
 r=2
(0,0) (1,0) (0,0) (0,1) (0,0) (0,0) (0,0) (0,0) (0,0) (0,0) (0,0) 
 r=3
(0,0) (0,0) (0,0) (0,0) (1,0) (0,1) (0,0) (0,0) (0,0) (0,0) (0,0) 
 r=4
(0,0) (0,0) (0,0) (0,0) (0,0) (0,0) (0,0) (0,0) (0,1) (0,0) (0,0) 
 r=5
(0,0) (0,0) (0,0) (0,0) (0,0) (0,0) (0,0) (0,0) (0,0) (0,0) (0,0) 
 r=6
(0,0) (0,0) (0,0) (0,0) (0,0) (0,0) (0,0) (0,0) (0,0) (0,0) (0,0) 
 r=7
(0,0) (0,0) (0,0) (0,0) (0,0) (0,0) (0,0) (0,0) (0,0) (0,0) (0,0) 
 r=8
(0,0) (0,0) (0,0) (0,0) (0,0) (0,0) (0,0) (0,0) (0,0) (0,0) (0,0) 
 r=9
(0,0) (0,0) (0,0) (0,0) (0,0) (0,0) (0,0) (0,0) (0,0) (0,0) (0,0) 
 r=10
(0,0) (0,0) (0,0) (0,0) (0,0) (0,0) (0,0) (0,0) (0,0) (0,0) (0,0) 
 r=11
(0,0) (0,0) (0,0) (0,0) (0,0) (0,0) (0,0) (0,0) (0,0) (0,0) (0,0)